#burst	Time	Periodo Hlp(ms)	Periodo Hpd(ms)	Intervalo HlpFSlp(ms)	Intervalo HlpLSlp(ms)	Intervalo HpdFSpd(ms)	Intervalo HpdLSpd(ms)	Intervalo FSlpHlp(ms)	Intervalo LSlpHlp(ms)	Intervalo FSpdHpd(ms)	Intervalo LSpdHpd(ms)	Intervalo HlpHpd(ms)	Intervalo HpdHlp(ms)	Intervalo FSlpHpd(ms)	Intervalo LSlpHpd(ms)	Intervalo FSpdHlp(ms)	Intervalo LSpdHlp(ms)	Intervalo HlpFSpd(ms)	Intervalo HlpLSpd(ms)	Intervalo HpdFSlp(ms)	Intervalo HpdLSlp(ms)	t1LP	fst2fstLP	LPPD1spkperiod
0	268.40000000000003	779.4000000000001	815.3000000000001	116.5	249.4	514.2	632.2	662.9000000000001	530.0	282.40000000000003	162.60000000000002	154.8	624.6	853.6	720.7	907.0	787.2	669.0	787.0	748.1	921.2	1170.200017	755.400012	532.700008
1	1047.8	764.3000000000001	769.3000000000001	123.5	296.6	465.40000000000003	584.9	640.8000000000001	467.70000000000005	301.1	183.10000000000002	190.70000000000002	573.6	836.5	663.4000000000001	874.7	756.7	656.1	775.6	688.1	818.5	1170.200017	755.400012	532.700008
2	1812.1000000000001	639.5	623.9000000000001	114.5	244.9	341.3	453.0	525.0	394.6	303.90000000000003	184.4	195.70000000000002	443.8	705.1	574.7	747.7	628.2	537.0	648.7	549.1	713.1	1925.600029	630.300009	422.600006
3	2451.6	697.3000000000001	699.8000000000001	105.30000000000001	269.3	405.70000000000005	527.5	592.0	428.0	282.6	170.9	180.10000000000002	517.2	774.6	610.6	799.8000000000001	688.1	585.8000000000001	707.6	633.4000000000001	771.9000000000001	2555.900038	708.100011	480.400007
4	3148.9	843.3000000000001	832.9000000000001	116.2	254.70000000000002	543.5	666.2	727.1	588.6	294.1	172.3	182.60000000000002	660.7	899.3000000000001	760.8000000000001	954.8000000000001	833.0	726.1	848.8000000000001	794.4000000000001	938.8000000000001	3264.000049	861.000012	610.000009
5	3992.2000000000003	885.4000000000001	928.1	133.70000000000002	278.1	604.3000000000001	725.2	751.7	607.3000000000001	289.40000000000003	166.70000000000002	172.20000000000002	713.2	966.6	822.2	1002.6	879.9000000000001	776.5	897.4000000000001	852.3000000000001	999.2	4125.000061	890.600014	642.80001
6	4877.6	888.2	823.8000000000001	139.1	286.0	538.5	660.7	749.1	602.2	323.8	202.9	214.9	673.3000000000001	899.6	752.7	997.1	876.2	753.4000000000001	875.6	782.4000000000001	931.7	5015.600075	858.300013	614.300009
7	5765.8	812.0	897.2	109.10000000000001	258.40000000000003	543.1	669.0	702.9000000000001	553.6	285.3	163.10000000000002	150.5	661.5	938.6	789.3000000000001	946.8000000000001	824.6	693.6	819.5	785.0	931.1	5873.900088	826.300012	584.400008
8	6577.8	972.0	915.7	123.5	269.6	602.4	722.0	848.5	702.4000000000001	354.1	228.20000000000002	235.70000000000002	736.3000000000001	1027.9	881.8000000000001	1090.4	964.5	838.1	957.7	844.0	982.2	6700.2001	956.200014	714.60001
9	7549.8	836.1	858.0	107.7	245.9	524.3000000000001	642.3000000000001	728.4000000000001	590.2	313.3	193.70000000000002	179.4	656.7	929.7	791.5	970.0	850.4000000000001	703.7	821.7	759.1	929.1	7656.400114	830.800012	595.900009
10	8385.9	706.3000000000001	695.9000000000001	102.4	272.40000000000003	408.0	521.2	603.9	433.90000000000003	333.70000000000005	215.70000000000002	201.3	505.0	794.8000000000001	624.8000000000001	838.7	720.7	609.3000000000001	722.5	614.7	789.1	8487.200126	713.700011	507.000008
11	9092.2	671.6	680.2	109.7	284.1	385.20000000000005	502.20000000000005	561.9	387.5	287.90000000000003	174.70000000000002	190.9	480.70000000000005	761.4000000000001	587.0	768.6	655.4000000000001	576.1	693.1	611.6	744.2	9200.900137	692.70001	466.500007
12	9763.800000000001	920.7	869.2	130.9	263.5	619.1	736.4000000000001	789.8000000000001	657.2	295.0	178.0	199.5	721.2	937.8000000000001	805.2	1016.2	899.2	818.6	935.9000000000001	859.9000000000001	1022.2	9893.600147	928.700014	687.800011
13	10684.5	987.3000000000001	993.2	138.70000000000002	301.0	698.7	820.2	848.6	686.3000000000001	250.10000000000002	132.8	148.0	839.3000000000001	1002.5	840.2	1089.4	972.1	846.7	968.2	946.5	1107.4	10822.30016	956.000015	707.900011
14	11671.800000000001	958.1	975.2	107.2	268.1	688.8000000000001	807.6	850.9000000000001	690.0	294.5	173.0	153.9	804.2	1021.9000000000001	861.0	1098.7	977.2	842.7	961.5	931.9000000000001	1084.3	11778.30018	978.300014	735.20001
15	12629.900000000001	880.2	876.4000000000001	127.7	280.1	591.5	713.9000000000001	752.5	600.1	286.40000000000003	167.60000000000002	171.0	709.2	919.7	767.3000000000001	995.6	876.8000000000001	762.5	884.9000000000001	836.9000000000001	986.5	12756.60019	880.100013	635.00001
16	13510.1	935.3000000000001	951.2	127.7	277.3	645.2	763.4000000000001	807.6	658.0	284.90000000000003	162.5	167.20000000000002	768.1	990.7	841.1	1053.0	930.6	812.4000000000001	930.6	883.8000000000001	1016.2	13636.7002	923.300014	684.80001
17	14445.400000000001	940.1	932.5	115.7	248.10000000000002	632.7	746.8000000000001	824.4000000000001	692.0	306.0	187.8	183.10000000000002	757.0	999.9000000000001	867.5	1063.0	944.8000000000001	815.8000000000001	929.9000000000001	849.6	1022.3000000000001	14560.00022	917.000014	700.30001
18	15385.5	624.2	666.6	92.60000000000001	265.3	353.5	468.1	531.6	358.90000000000003	299.8	185.70000000000002	175.5	448.70000000000005	749.5	576.8000000000001	748.5	634.4000000000001	529.0	643.6	565.2	727.9000000000001	15477.00023	648.100009	436.500006
19	16009.7	660.9000000000001	687.7	116.5	279.2	344.70000000000005	463.5	544.4	381.70000000000005	313.1	198.5	217.9	443.0	789.1	626.4000000000001	756.1	641.5	562.6	681.4000000000001	566.3000000000001	720.6	16125.10024	667.70001	446.300007
20	16670.600000000002	801.5	747.2	123.30000000000001	277.6	457.40000000000003	574.7	678.2	523.9	343.0	224.20000000000002	244.70000000000002	556.8000000000001	868.6	714.3000000000001	899.8000000000001	781.0	702.1	819.4000000000001	679.9000000000001	849.5	16792.80025	801.300012	579.000009
21	17472.100000000002	819.9000000000001	805.5	123.10000000000001	292.7	518.4	634.7	696.8000000000001	527.2	289.8	172.5	190.4	629.5	872.8000000000001	703.2	919.3000000000001	802.0	708.8000000000001	825.1	738.1	905.2	17594.10026	805.400012	585.800009
22	18292.0	875.3000000000001	889.6	108.60000000000001	275.7	573.9	691.1	766.7	599.6	287.1	170.8	176.0	699.3000000000001	957.0	789.9000000000001	986.4000000000001	870.1	749.9000000000001	867.1	821.1	961.1	18399.50027	888.500013	641.50001
23	19167.3	943.5	896.1	121.80000000000001	261.8	641.2	759.8000000000001	821.7	681.7	315.70000000000005	198.5	190.3	753.2	964.6	824.6	1068.9	951.7	831.5	950.1	888.6	1020.3000000000001	19288.00029	957.300015	709.800011
24	20110.800000000003	997.0	1052.2	135.4	267.1	747.1	863.3000000000001	861.6	729.9000000000001	254.9	136.3	142.9	854.1	1059.7	928.0	1109.0	990.4000000000001	890.0	1006.2	983.1	1173.5	20245.3003	990.400014	754.500011
25	21107.800000000003	917.4000000000001	902.9000000000001	129.0	319.40000000000003	616.0	731.0	788.4000000000001	598.0	305.1	188.9	198.10000000000002	719.3000000000001	972.0	781.6	1024.4	908.2	814.1	929.1	858.1	1045.6000000000001	21235.70032	927.200014	685.000011
26	22025.2	824.4000000000001	836.3000000000001	138.8	326.3	522.9	639.1	685.6	498.1	286.90000000000003	171.9	183.60000000000002	640.8000000000001	881.1	693.6	927.7	812.7	706.5	822.7	730.4000000000001	892.2	22162.90033	775.200012	567.800009
27	22849.600000000002	650.2	620.3000000000001	89.60000000000001	251.4	347.6	465.6	560.6	398.8	313.40000000000003	197.20000000000002	195.5	454.70000000000005	726.2	564.4	768.1	651.9000000000001	543.1	661.1	562.7	704.3000000000001	22938.10034	668.70001	453.700007
28	23499.800000000003	825.6	821.5	108.0	249.60000000000002	556.9	673.9000000000001	717.6	576.0	272.7	154.70000000000002	165.60000000000002	660.0	879.1	737.5	932.7	814.7	722.5	839.5	785.8000000000001	943.6	23606.80035	843.400012	614.500009
29	24325.4	859.2	857.9000000000001	125.80000000000001	283.6	592.7	709.5	733.4000000000001	575.6	264.6	147.6	161.5	697.7	893.6	735.8000000000001	962.3000000000001	845.3000000000001	754.2	871.0	820.9000000000001	977.5	24450.20036	856.400013	628.40001
30	25184.600000000002	804.1	822.9000000000001	123.2	279.8	525.9	645.6	680.9000000000001	524.3000000000001	265.2	148.4	160.20000000000002	643.9000000000001	859.9000000000001	703.3000000000001	909.1	792.3000000000001	686.1	805.8000000000001	751.6	893.5	25306.60038	788.800012	563.200008
31	25988.7	924.3000000000001	967.6	107.7	249.60000000000002	652.6	769.5	816.6	674.7	297.0	177.3	179.0	745.3000000000001	1038.9	897.0	1042.3	922.6	831.6	948.5	890.2	1035.9	26095.40039	961.500014	723.900011
32	26913.0	995.0	960.0	144.9	290.6	644.0	764.6	850.1	704.4000000000001	315.0	198.10000000000002	222.3	772.7	1037.4	891.7	1087.7	970.8000000000001	866.3000000000001	986.9000000000001	885.2	1067.8	27056.9004	962.600015	721.400011
33	27908.0	897.5	932.3000000000001	112.5	295.1	616.9000000000001	734.2	785.0	602.4	316.0	195.4	187.3	710.2	1007.1	824.5	1026.2	905.6	804.2	921.5	842.6	991.4000000000001	28019.50042	917.400013	691.60001
34	28805.5	759.7	713.3000000000001	132.4	281.2	425.3	538.6	627.3000000000001	478.5	315.40000000000003	198.10000000000002	222.10000000000002	537.6	803.0	654.2	853.0	735.7	647.4000000000001	760.7	634.0	808.5	28936.90043	723.600011	514.900008
35	29565.2	811.6	806.6	96.4	270.90000000000003	523.6	644.0	715.2	540.7	288.0	174.70000000000002	175.70000000000002	635.9000000000001	885.9000000000001	711.4000000000001	923.9000000000001	810.6	699.3000000000001	819.7	764.4000000000001	915.2	29660.50044	843.700013	603.000009
36	30376.800000000003	1088.1000000000001	1094.3	128.5	279.3	810.3000000000001	927.7	959.6	808.8000000000001	283.0	162.60000000000002	170.70000000000002	917.4000000000001	1136.5	985.7	1200.4	1080.0	981.0	1098.4	1052.5	1200.3	30504.20046	1094.700016	852.500012
37	31464.9	1106.4	1069.8	135.1	282.90000000000003	805.0	923.0	971.3000000000001	823.5	284.0	166.60000000000002	176.9	929.5	1111.6000000000001	963.8000000000001	1213.5	1096.1000000000001	981.9000000000001	1099.9	1063.7	1232.9	31598.90047	1105.700016	846.800012
38	32571.300000000003	1139.3	1153.9	134.20000000000002	303.40000000000003	863.7	982.9000000000001	1005.1	835.9000000000001	264.8	146.8	140.3	999.0	1160.0	990.8000000000001	1263.8000000000002	1145.8	1004.0	1123.2	1108.1000000000001	1269.1000000000001	32704.60049	1114.000017	869.600013
39	33710.6	938.3000000000001	928.4000000000001	109.10000000000001	270.1	653.6	778.1	829.2	668.2	290.2	171.0	154.9	783.4000000000001	974.2	813.2	1073.6000000000001	954.4000000000001	808.5	933.0	891.1	1062.7	33818.6005	936.900014	699.60001
40	34648.9	856.9000000000001	901.4000000000001	107.7	279.3	610.7	730.6	749.2	577.6	274.8	150.3	145.0	711.9000000000001	938.7	767.1	986.7	862.2	755.7	875.6	836.9000000000001	998.2	34755.50052	874.300013	648.00001
41	35505.8	778.2	784.5	125.0	286.3	480.70000000000005	595.6	653.2	491.90000000000003	290.7	170.8	189.5	588.7	849.0	687.7	879.4000000000001	759.5	670.2	785.1	688.2	875.1	35629.80053	752.700011	545.200008
42	36284.0	646.4000000000001	606.0	99.5	286.40000000000003	357.0	475.6	546.9	360.0	303.8	188.9	195.8	450.6	702.3000000000001	515.4	754.4000000000001	639.5	552.8000000000001	671.4000000000001	571.1	712.0	36382.50054	667.30001	453.400007
43	36930.4	818.4000000000001	845.2	120.5	261.40000000000003	569.3000000000001	686.8000000000001	697.9000000000001	557.0	249.0	130.4	155.4	663.0	880.1	739.2	912.0	793.4000000000001	724.7	842.2	801.7	953.2	37049.80055	836.700013	604.300009
44	37748.8	1044.2	1050.8	138.70000000000002	290.2	750.4000000000001	869.7	905.5	754.0	275.90000000000003	158.4	182.20000000000002	862.0	1094.3	942.8000000000001	1137.9	1020.4000000000001	932.6	1051.9	996.7	1172.6000000000001	37886.50057	1040.300015	793.900011
45	38793.0	1139.8	1122.0	134.70000000000002	310.6	837.6	957.6	1005.1	829.2	300.40000000000003	181.10000000000002	188.8	951.0	1176.1000000000001	1000.2	1251.4	1132.1000000000001	1026.4	1146.4	1080.5	1231.7	38926.80058	1134.500017	891.500013
46	39932.8	934.4000000000001	935.0	129.5	280.7	642.3000000000001	760.5	804.9000000000001	653.7	284.40000000000003	164.4	171.0	763.4000000000001	976.5	825.3000000000001	1047.8	927.8000000000001	813.3000000000001	931.5	889.5	1053.0	40061.3006	931.000014	683.90001
47	40867.200000000004	999.6	984.2	126.10000000000001	289.6	704.9000000000001	827.7	873.5	710.0	292.7	174.5	171.60000000000002	828.0	1029.7	866.2	1120.7	1002.5	876.5	999.3000000000001	939.5	1124.7	40992.30061	984.800015	750.400011
48	41866.8	891.1	953.0	111.5	296.7	643.9000000000001	758.8000000000001	779.6	594.4	279.3	156.5	156.20000000000002	734.9000000000001	997.7	812.5	1014.2	891.4000000000001	800.1	915.0	866.0	1037.5	41977.10063	910.900013	688.80001
49	42757.9	708.5	702.1	131.1	302.6	369.70000000000005	487.8	577.4	405.90000000000003	309.1	194.20000000000002	218.10000000000002	490.40000000000003	789.1	617.6	799.5	684.6	587.8000000000001	705.9000000000001	577.5	729.7	42888.00064	664.50001	456.700007
50	43466.4	675.6	655.1	87.10000000000001	239.3	354.1	473.40000000000003	588.5	436.3	332.40000000000003	214.3	211.70000000000002	463.90000000000003	779.7	627.5	796.3000000000001	678.2	565.8000000000001	685.1	570.8000000000001	720.3000000000001	43552.50065	695.40001	478.800007
51	44142.0	859.7	819.8000000000001	106.9	256.40000000000003	534.7	652.9000000000001	752.8000000000001	603.3000000000001	301.0	181.70000000000002	191.20000000000002	668.5	904.1	754.6	969.5	850.2	725.9000000000001	844.1	754.6	918.2	44247.90066	838.800013	619.00001
52	45001.700000000004	865.1	897.4000000000001	86.10000000000001	249.70000000000002	599.1	719.9000000000001	779.0	615.4000000000001	285.1	166.9	151.3	713.8000000000001	962.6	799.0	998.9000000000001	880.7	750.4000000000001	871.2	831.0	971.0	45086.70067	896.300013	664.40001
53	45866.8	1040.0	1032.1000000000001	117.2	257.2	743.5	861.0	922.8000000000001	782.8000000000001	298.3	177.5	183.60000000000002	856.4000000000001	1098.5	958.5	1154.7	1033.9	927.1	1044.6000000000001	985.7	1153.6000000000001	45983.00069	1052.100016	809.700012
54	46906.8	1059.9	1105.2	129.3	297.2	763.8000000000001	895.3000000000001	930.6	762.7	288.6	171.10000000000002	175.70000000000002	884.2	1151.6000000000001	983.7	1172.8	1055.3	939.5	1071.0	1023.9000000000001	1182.9	47035.1007	1070.200016	810.400012
55	47966.700000000004	1020.5	966.3000000000001	139.70000000000002	298.7	685.2	806.1	880.8000000000001	721.8000000000001	341.40000000000003	209.9	221.0	799.5	1047.6000000000001	888.6	1140.9	1009.4000000000001	906.2	1027.1000000000001	921.9000000000001	1123.2	48105.30072	1003.200015	766.600011
56	48987.200000000004	1008.0	994.9000000000001	122.4	323.70000000000005	729.5	850.2	885.6	684.3000000000001	281.1	160.20000000000002	166.8	841.2	1039.3	838.0	1122.3	1001.4000000000001	896.3000000000001	1017.0	982.6	1137.8	49108.50073	1027.100015	773.800011
57	49995.200000000004	1126.9	1120.7	141.4	296.6	859.1	979.5	985.5	830.3000000000001	265.40000000000003	144.70000000000002	153.70000000000002	973.2	1133.0	977.8000000000001	1238.6000000000001	1117.9	1012.8000000000001	1133.2	1113.0	1287.8000000000002	50135.60075	1125.300017	871.500013
58	51122.100000000006	1172.5	1174.6000000000001	139.8	314.6	909.0	1029.9	1032.7	857.9000000000001	261.6	141.20000000000002	147.5	1025.0	1182.3	1007.5	1286.6000000000001	1166.2	1056.5	1177.4	1166.8	1323.0	51260.90076	1174.500017	916.700014
59	52294.600000000006	1155.8	1177.0	141.8	298.0	885.4000000000001	1006.5	1014.0	857.8000000000001	265.6	144.70000000000002	149.6	1006.2	1184.8	1028.6000000000001	1271.8000000000002	1150.9	1035.0	1156.1000000000001	1135.3	1310.2	52435.40078	1143.000017	893.200014
60	53450.4	763.1	823.4000000000001	129.1	304.0	502.5	617.1	634.0	459.1	291.6	170.5	170.8	592.3000000000001	865.1	690.2	883.9000000000001	762.8000000000001	673.3000000000001	787.9000000000001	713.0	885.0	53578.4008	754.700012	544.200008
61	54213.5	754.6	740.7	120.7	292.7	409.3	531.0	633.9000000000001	461.90000000000003	320.90000000000003	206.3	231.10000000000002	523.5	851.1	679.1	844.4000000000001	729.8000000000001	640.4000000000001	762.1	639.1	804.5	54333.10081	749.500011	520.000007
62	54968.100000000006	1032.1000000000001	981.5	115.60000000000001	281.0	697.8000000000001	822.2	916.5	751.1	331.40000000000003	209.70000000000002	217.20000000000002	814.9000000000001	1083.1000000000001	917.7	1146.3	1024.6000000000001	915.0	1039.4	937.9000000000001	1102.1000000000001	55082.60082	1039.500015	799.500012
63	56000.200000000004	1020.9000000000001	1049.6000000000001	123.0	287.2	736.7	859.3000000000001	897.9000000000001	733.7	283.7	159.3	166.60000000000002	854.3000000000001	1093.2	929.0	1138.0	1013.6	903.3000000000001	1025.9	971.0	1129.5	56122.10084	1014.600015	780.400012
64	57021.100000000006	1055.4	1034.4	116.7	275.2	747.7	870.8000000000001	938.7	780.2	312.90000000000003	190.3	195.3	860.1	1113.0	954.5	1173.0	1050.4	943.0	1066.1000000000001	991.2	1143.5	57136.70085	1069.800016	826.300013
65	58076.5	1064.6000000000001	1061.7	131.1	283.40000000000003	780.7	897.0	933.5	781.2	286.7	163.60000000000002	174.3	890.3000000000001	1104.9	952.6	1177.0	1053.9	955.0	1071.3	1021.1	1195.1000000000001	58206.50087	1064.400016	823.900013
66	59141.100000000006	879.2	909.7	130.8	304.8	599.0	715.6	748.4000000000001	574.4	281.0	164.70000000000002	171.4	707.8000000000001	950.3000000000001	776.3000000000001	988.8000000000001	872.5	770.4000000000001	887.0	810.3000000000001	962.6	59270.90088	850.900013	639.90001
67	60020.3	702.3000000000001	670.1	102.5	254.8	396.70000000000005	511.0	599.8000000000001	447.5	310.70000000000005	194.10000000000002	201.9	500.40000000000003	769.5	617.2	811.1	694.5	598.6	712.9000000000001	610.0	800.6	60121.8009	709.30001	496.300007
68	60722.600000000006	838.7	877.6	109.60000000000001	300.2	572.9	703.4000000000001	729.1	538.5	273.40000000000003	159.10000000000002	169.70000000000002	669.0	937.7	747.1	942.4000000000001	828.1	742.6	873.1	806.0	938.4000000000001	60831.10091	866.000013	633.10001
69	61561.3	975.3000000000001	946.6	137.0	269.40000000000003	659.1	774.1	838.3000000000001	705.9000000000001	304.7	174.20000000000002	208.60000000000002	766.7	1018.2	885.8000000000001	1071.4	940.9000000000001	867.7	982.7	877.7	1043.0	61697.10092	949.300015	730.800011
70	62536.600000000006	853.9000000000001	824.4000000000001	111.0	276.3	578.9	698.5	742.9000000000001	577.6	287.5	172.5	179.9	674.0	893.3000000000001	728.0	961.5	846.5	758.8000000000001	878.4000000000001	812.8000000000001	983.0	62646.40093	881.900013	647.900009
71	63390.5	901.7	887.3000000000001	138.8	309.0	625.6	742.4000000000001	762.9000000000001	592.7	245.5	125.9	150.4	751.3000000000001	898.9000000000001	728.7	996.8000000000001	877.2	776.0	892.8000000000001	847.6	990.8000000000001	63528.30095	859.200012	637.100009
72	64292.200000000004	1064.8	1106.5	96.30000000000001	239.5	811.4000000000001	930.8000000000001	968.5	825.3000000000001	261.7	144.9	136.0	928.8000000000001	1146.2	1003.0	1190.5	1073.7	947.4000000000001	1066.8	1059.0	1215.9	64387.50096	1098.600017	851.100013
73	65357.0	1013.4000000000001	1000.5	130.20000000000002	287.1	718.2	839.4000000000001	883.2	726.3000000000001	295.1	175.70000000000002	177.70000000000002	835.7	1048.0	891.1	1130.8	1011.4000000000001	895.9000000000001	1017.1	963.0	1148.2	65486.10098	1010.500015	765.700011
74	66370.40000000001	979.8000000000001	1031.2	127.30000000000001	312.5	694.7	816.3000000000001	852.5	667.3000000000001	282.3	161.10000000000002	164.8	815.0	1068.7	883.5	1097.3	976.1	859.5	981.1	935.3000000000001	1100.6000000000001	66496.60099	972.900014	732.400011
75	67350.2	854.3000000000001	792.4000000000001	120.30000000000001	285.6	526.2	646.1	734.0	568.7	336.5	214.9	216.20000000000002	638.1	888.3000000000001	723.0	974.6	853.0	742.4000000000001	862.3000000000001	740.0	909.3000000000001	67469.50101	835.800013	622.00001
76	68204.5	723.8000000000001	733.5	101.9	271.2	457.1	577.4	621.9000000000001	452.6	266.2	146.3	154.3	569.5	785.9000000000001	616.6	835.7	715.8000000000001	611.4	731.7	672.3000000000001	830.4000000000001	68305.30102	724.800011	509.600007
77	68928.3	908.2	943.7	102.80000000000001	260.90000000000003	658.2	775.0	805.4000000000001	647.3000000000001	276.40000000000003	156.10000000000002	164.0	744.2	1004.9000000000001	846.8000000000001	1020.6	900.3000000000001	822.2	939.0	895.1	1056.1000000000001	69030.10103	956.400014	719.30001
78	69836.5	1209.7	1201.1000000000001	150.9	311.90000000000003	894.5	1016.7	1058.8	897.8000000000001	285.5	168.70000000000002	199.5	1010.2	1249.7	1088.7	1295.7	1178.9	1094.0	1216.2	1154.8	1331.3000000000002	69986.50104	1203.300018	942.800014
79	71046.2	1128.0	1134.3	144.6	321.1	809.0	934.6	983.4000000000001	806.9000000000001	306.6	184.4	190.9	937.1	1180.6000000000001	1004.1	1243.7	1121.5	999.9000000000001	1125.5	1062.4	1257.5	71189.80106	1108.600016	855.200013
80	72174.2	1025.3	1010.3000000000001	125.30000000000001	320.40000000000003	717.1	837.5	900.0	704.9000000000001	325.3	199.70000000000002	197.20000000000002	828.1	1082.2	887.1	1153.4	1027.8	914.3000000000001	1034.7	963.1	1132.6000000000001	72298.40108	1035.000016	789.000012
81	73199.5	1068.1000000000001	1051.4	135.0	304.5	773.0	891.1	933.1	763.6	293.2	172.8	182.20000000000002	885.9000000000001	1098.6000000000001	929.1	1179.1000000000001	1058.7	955.2	1073.3	1013.5	1197.6000000000001	73333.40109	1060.700016	820.200012
82	74267.6	822.8000000000001	832.3000000000001	127.60000000000001	311.70000000000005	539.0	659.9000000000001	695.2	511.1	278.40000000000003	160.3	165.5	657.3000000000001	870.2	686.1	935.7	817.6	704.5	825.4000000000001	753.5	916.9000000000001	74394.10111	791.400011	576.900008
83	75090.40000000001	702.2	697.6	96.2	259.6	434.3	554.5	606.0	442.6	293.3	172.4	175.0	527.2	776.4000000000001	613.0	820.5	699.6	609.3000000000001	729.5	663.0	849.5	75185.50112	741.800011	513.100008
84	75792.6	1020.4000000000001	1034.0	135.8	322.3	732.5	852.0	884.6	698.1	263.3	143.1	170.4	850.0	1068.6000000000001	882.1	1113.3	993.1	902.9000000000001	1022.4000000000001	962.4000000000001	1103.8	75927.30113	997.100015	767.300012
85	76813.0	967.5	991.8000000000001	112.4	253.8	683.4000000000001	811.8000000000001	855.1	713.7	301.5	182.0	184.0	783.5	1063.4	922.0	1085.0	965.5	867.4000000000001	995.8000000000001	920.3000000000001	1099.6000000000001	76924.40115	991.900015	754.900012
86	77780.5	932.6	864.4000000000001	136.8	316.1	605.9	729.3000000000001	795.8000000000001	616.5	308.40000000000003	180.0	208.3	724.3000000000001	935.9000000000001	756.6	1032.7	904.3000000000001	814.2	937.6	848.4000000000001	990.5	77916.30116	919.800014	677.40001
87	78713.1	1082.2	1129.8	124.10000000000001	266.2	810.1	931.5	958.1	816.0	258.5	135.1	140.1	942.1	1145.8	1003.7	1200.6000000000001	1077.2	950.2	1071.6000000000001	1052.6000000000001	1202.0	78836.10118	1068.600016	826.100012
88	79795.3	1119.3	1156.5	110.5	259.90000000000003	815.7	939.2	1008.8000000000001	859.4000000000001	319.70000000000005	198.3	187.70000000000002	931.6	1233.7	1084.3	1251.3000000000002	1129.9	1003.4000000000001	1126.9	1053.7	1212.5	79904.70119	1130.900017	892.900013
89	80914.6	818.0	762.0	122.10000000000001	280.90000000000003	482.40000000000003	600.4	695.9000000000001	537.1	340.8	217.3	224.9	593.1	864.8000000000001	706.0	933.9000000000001	810.4000000000001	707.3000000000001	825.3000000000001	704.9000000000001	846.5	81035.60121	807.800012	585.100008
90	81732.6	767.2	797.7	111.80000000000001	253.4	506.0	625.8000000000001	655.4000000000001	513.8000000000001	279.6	161.60000000000002	168.9	598.3000000000001	854.8000000000001	713.2	877.9000000000001	759.9000000000001	674.9000000000001	794.7	728.8000000000001	897.4000000000001	81843.40122	785.800011	563.200008
91	82499.8	1270.6000000000001	1203.6000000000001	130.5	299.1	941.9000000000001	1062.7	1140.1000000000001	971.5	291.7	171.9	199.4	1071.2	1272.5	1103.9	1362.9	1243.1000000000001	1141.3	1262.1000000000001	1193.7	1376.1000000000001	82629.20123	1262.700019	1010.900015
92	83770.40000000001	1097.7	1154.0	122.5	304.90000000000003	845.0	972.9000000000001	975.2	792.8000000000001	261.7	140.9	132.4	965.3000000000001	1163.9	981.5	1227.0	1106.2	977.4000000000001	1105.3	1103.7	1275.1000000000001	83891.90125	1113.400017	854.800013
93	84868.1	1189.6000000000001	1222.4	138.4	309.8	882.4000000000001	1011.1	1051.2	879.8000000000001	309.0	181.10000000000002	188.70000000000002	1000.9000000000001	1272.7	1101.3	1309.9	1182.0	1071.1000000000001	1199.8	1137.1000000000001	1316.5	85005.30127	1187.700017	932.800014
94	86057.70000000001	1119.6000000000001	1083.2	136.20000000000002	315.6	775.1	906.3000000000001	983.4000000000001	804.0	340.0	211.3	221.5	898.1	1168.5	989.1	1238.1000000000001	1109.4	996.6	1127.8	1046.9	1197.4	86193.00128	1132.000017	860.300013
95	87177.3	1098.7	1162.2	148.8	299.3	813.6	944.2	949.9000000000001	799.4000000000001	308.1	176.9	185.10000000000002	913.6	1198.5	1048.0	1221.7	1090.5	998.7	1129.3	1059.3	1222.1000000000001	87325.0013	1095.600017	850.000013
96	88276.0	842.4000000000001	817.3000000000001	145.70000000000002	308.5	483.8	601.9	696.7	533.9	348.6	218.0	248.60000000000002	593.8000000000001	920.2	757.4000000000001	942.4000000000001	811.8000000000001	732.4000000000001	850.5	701.6	884.0	88420.60132	804.500012	586.800008
97	89118.40000000001	885.9000000000001	836.0	107.80000000000001	290.2	550.2	675.7	778.1	595.7	333.5	215.4	223.5	662.4000000000001	951.7	769.3000000000001	995.9000000000001	877.8000000000001	773.7	899.2	792.8000000000001	955.6	89225.10133	908.500013	665.900009
98	90004.3	1219.8	1199.8	130.4	293.2	934.4000000000001	1059.3	1089.4	926.6	285.8	160.3	173.60000000000002	1046.2	1243.0	1080.2	1332.0	1206.5	1108.0	1232.9	1192.5	1359.4	90133.60134	1235.700019	977.500015
99	91224.1	1113.3	1134.4	146.3	313.20000000000005	835.6	966.4000000000001	967.0	800.1	265.40000000000003	140.5	153.60000000000002	959.7	1141.7	974.8000000000001	1225.1000000000001	1100.2	989.2	1120.0	1093.8	1263.6000000000001	91369.30136	1101.200016	843.100012
100	92337.40000000001	1085.6000000000001	1066.1000000000001	134.1	303.90000000000003	791.0	916.1	951.5	781.7	298.8	168.0	174.70000000000002	910.9000000000001	1106.7	936.9000000000001	1209.7	1078.9	965.7	1090.8	1052.4	1211.5	92470.50138	1093.000016	831.500012
101	93423.0	1188.6000000000001	1266.4	141.5	300.6	938.6	1065.0	1047.1000000000001	888.0	275.1	150.0	155.20000000000002	1033.4	1280.1000000000001	1121.0	1308.5	1183.4	1093.8	1220.2	1190.2	1339.3000000000002	93563.50139	1203.900018	952.200014
102	94611.6	1137.3	1100.4	156.8	305.90000000000003	798.7	915.6	980.5	831.4000000000001	327.8	201.4	233.0	904.3000000000001	1176.6000000000001	1027.5	1232.1000000000001	1105.7	1031.7	1148.6000000000001	1031.1000000000001	1194.2	94767.40141	1107.200017	874.700013
103	95748.90000000001	777.1	791.1	126.80000000000001	289.90000000000003	480.90000000000003	592.0	650.3000000000001	487.20000000000005	301.7	184.8	196.10000000000002	581.0	860.4000000000001	697.3000000000001	882.7	765.8000000000001	677.0	788.1	688.6	845.0	95874.60143	757.900011	550.100008
104	96526.0	706.8000000000001	672.2	107.60000000000001	264.0	388.1	509.6	599.2	442.8	310.20000000000005	199.10000000000002	210.10000000000002	496.70000000000005	774.7	618.3000000000001	806.9000000000001	695.8000000000001	598.2	719.7	608.2	776.6	96632.50144	710.800011	490.800007
105	97232.8	1087.3	1091.0	111.5	279.90000000000003	787.1	915.6	975.8000000000001	807.4000000000001	284.1	162.60000000000002	175.5	911.8000000000001	1155.0	986.6	1195.9	1074.4	962.6	1091.1000000000001	1051.8	1238.2	97343.30145	1115.700016	851.000012
106	98320.1	1213.0	1182.0	140.0	326.40000000000003	920.8000000000001	1045.5	1073.0	886.6	303.90000000000003	175.4	179.20000000000002	1033.8	1221.2	1034.8	1337.7	1209.2	1100.0	1224.7	1170.6000000000001	1340.7	98459.00147	1209.900018	960.000014
107	99533.1	1166.5	1223.9	136.8	306.90000000000003	924.8000000000001	1050.6000000000001	1029.7	859.6	261.2	136.5	148.20000000000002	1018.3000000000001	1235.3000000000002	1065.2	1279.5	1154.8	1073.0	1198.8	1179.1000000000001	1341.4	99668.90149	1190.500018	936.200014
108	100699.6	1143.1000000000001	1162.1000000000001	160.8	323.1	840.6	963.3000000000001	982.3000000000001	820.0	299.1	173.3	205.60000000000002	937.5	1206.9	1044.6000000000001	1236.6000000000001	1110.8	1046.2	1168.9	1087.0	1280.4	100859.4015	1131.700017	885.300013
109	101842.70000000001	986.5	921.9000000000001	149.5	342.90000000000003	652.8000000000001	771.5	837.0	643.6	321.5	198.8	224.60000000000002	761.9000000000001	997.0	803.6	1083.4	960.7	877.4000000000001	996.1	866.7	1042.2	101991.1015	941.800014	728.100011
110	102829.20000000001	736.1	751.6	104.80000000000001	280.3	468.90000000000003	587.2	631.3000000000001	455.8	269.1	150.4	160.0	576.1	806.8000000000001	631.3000000000001	845.2	726.5	628.9000000000001	747.2	690.1	849.5	102932.9015	745.400011	524.200008
111	103565.3	1045.4	1080.7	114.0	273.40000000000003	777.9000000000001	902.0	931.4000000000001	772.0	282.7	164.4	175.5	869.9000000000001	1142.2	982.8000000000001	1152.6000000000001	1034.3	953.4000000000001	1077.5	1007.0	1186.6000000000001	103678.3015	1068.500016	839.200012
112	104610.70000000001	1004.4000000000001	959.0	137.1	316.70000000000005	686.4000000000001	802.7	867.3000000000001	687.7	302.8	178.70000000000002	210.8	793.6	1032.7	853.1	1096.4	972.3000000000001	897.2	1013.5	920.3000000000001	1095.4	104746.8016	993.800015	760.000011
113	105615.1	852.5	870.1	126.7	301.8	576.3000000000001	699.9000000000001	725.8000000000001	550.7	272.6	156.3	165.4	687.1	908.8000000000001	733.7	959.7	843.4000000000001	741.7	865.3000000000001	820.9000000000001	996.2	105740.6016	859.800012	615.100009
114	106467.6	1238.2	1241.5	133.8	309.1	933.2	1061.3	1104.4	929.1	293.8	170.20000000000002	183.0	1055.2	1290.7	1115.4	1349.0	1225.4	1116.2	1244.3000000000002	1196.0	1371.5	106600.4016	1245.100019	982.300015
115	107705.8	1017.5	1061.5	140.8	316.3	739.2	864.7	876.7	701.2	308.3	180.20000000000002	186.3	831.2	1107.0	931.5	1139.5	1011.4000000000001	925.5	1051.0	986.4000000000001	1131.4	107845.5016	1031.900015	784.700012
116	108723.3	1127.6000000000001	1055.2	155.20000000000002	300.2	801.6	924.9000000000001	972.4000000000001	827.4000000000001	322.3	196.8	230.3	897.3000000000001	1130.3	985.3000000000001	1219.6000000000001	1094.1000000000001	1031.9	1155.2	1044.6000000000001	1196.0	108877.4016	1119.700017	876.600013
117	109850.90000000001	954.0	950.2	147.3	298.7	672.2	790.9000000000001	806.7	655.3000000000001	253.60000000000002	130.3	157.9	796.1	960.8000000000001	809.4000000000001	1049.7	926.4000000000001	830.1	948.8000000000001	886.7	1068.4	109997.1016	897.500013	683.00001
118	110804.90000000001	745.3000000000001	733.4000000000001	90.60000000000001	272.3	477.70000000000005	596.5	654.7	473.0	278.0	159.3	154.10000000000002	591.2	796.9000000000001	615.2	869.2	750.5	631.8000000000001	750.6	696.2	858.1	110894.6017	759.500012	541.100009
119	111550.20000000001	1031.2	1032.8	105.0	266.90000000000003	766.7	895.7	926.2	764.3000000000001	255.70000000000002	136.9	142.20000000000002	889.0	1070.0	908.1	1144.7	1025.9	908.9000000000001	1037.9	1023.8000000000001	1203.7	111654.1017	1061.100016	804.100012
120	112581.40000000001	1120.0	1137.6000000000001	134.8	314.70000000000005	862.5	987.3000000000001	985.2	805.3000000000001	266.1	137.1	143.8	976.2	1146.6000000000001	966.7	1242.3000000000002	1113.3	1006.3000000000001	1131.1000000000001	1125.2	1305.7	112715.2017	1134.300016	871.400013
121	113701.40000000001	1161.7	1171.8	149.0	329.5	874.1	995.3000000000001	1012.7	832.2	275.1	150.3	161.4	1000.3000000000001	1184.2	1003.7	1275.4	1150.6000000000001	1035.5	1156.7	1123.1000000000001	1285.4	113849.5017	1135.300017	886.300014
122	114863.1	1082.4	1069.3	122.80000000000001	285.1	802.8000000000001	923.9000000000001	959.6	797.3000000000001	297.7	176.5	171.5	910.9000000000001	1118.0	955.7	1208.6000000000001	1087.4	974.3000000000001	1095.4	1061.0	1202.4	114984.8017	1109.800017	851.500013
123	115945.5	1043.5	1055.6000000000001	150.1	291.5	793.4000000000001	915.0	893.4000000000001	752.0	266.5	145.4	158.4	885.1	1063.9	922.5	1151.6000000000001	1030.5	951.8000000000001	1073.4	1045.0	1242.5	116094.6017	1053.200016	801.700012
124	116989.0	966.2	965.2	159.9	357.40000000000003	681.3000000000001	802.9000000000001	806.3000000000001	608.8000000000001	262.2	140.6	170.5	795.7	975.8000000000001	778.3000000000001	1057.9	936.3000000000001	851.8000000000001	973.4000000000001	907.5	1075.6000000000001	117147.8017	918.200013	692.00001
125	117955.20000000001	734.0	723.7	111.80000000000001	279.90000000000003	460.0	573.1	622.2	454.1	283.90000000000003	162.3	169.5	564.5	781.4000000000001	613.3000000000001	848.4000000000001	726.8000000000001	629.5	742.6	668.1	827.8000000000001	118066.0018	725.700011	517.600008
126	118689.20000000001	727.1	760.2	103.60000000000001	263.3	454.70000000000005	579.9	623.5	463.8	263.7	150.6	159.20000000000002	567.9	815.8000000000001	656.1	831.6	718.5	613.9	739.1	685.7	865.7	118791.7018	741.400011	510.400008
127	119416.3	1107.0	1108.0	117.80000000000001	297.8	803.6	923.4000000000001	989.2	809.2	305.5	180.3	192.3	914.7	1182.5	1002.5	1220.2	1095.0	995.9000000000001	1115.7	1060.2	1244.2	119533.1018	1134.600017	877.900013
128	120523.3	1245.0	1195.8	145.5	329.5	935.3000000000001	1052.3	1099.5	915.5	304.40000000000003	184.60000000000002	193.3	1051.7	1243.6000000000001	1059.6000000000001	1356.1000000000001	1236.3000000000002	1128.6000000000001	1245.6000000000001	1188.5	1358.5	120667.7018	1236.400019	983.100015
129	121768.3	1076.1000000000001	1120.7	136.8	306.8	815.2	939.1	939.3000000000001	769.3000000000001	260.5	143.5	144.1	932.0	1128.0	958.0	1192.5	1075.5	959.3000000000001	1083.2	1075.5	1247.4	121904.1018	1082.800016	822.500012
130	122844.40000000001	1149.9	1150.5	143.5	315.40000000000003	843.3000000000001	972.5	1006.4000000000001	834.5	305.5	181.60000000000002	188.70000000000002	961.2	1195.7	1023.8000000000001	1266.7	1142.8	1032.0	1161.2	1107.6000000000001	1278.7	122986.9018	1152.800017	888.500013
131	123994.3	1212.8	1168.0	146.4	317.5	901.3000000000001	1028.0	1066.4	895.3000000000001	307.20000000000005	178.0	189.3	1023.5	1210.9	1039.8	1330.7	1201.5	1090.6000000000001	1217.3	1160.6000000000001	1352.3000000000002	124139.7019	1203.400018	944.200014
132	125207.1	1121.2	1113.4	137.1	328.8	848.0	971.0	984.1	792.4000000000001	266.7	140.0	144.5	976.7	1120.8	929.1	1243.4	1116.7	992.5	1115.5	1103.9	1276.9	125343.1019	1111.200016	855.300013
133	126328.3	855.9000000000001	925.0	127.2	300.2	612.8000000000001	731.2	728.7	555.7	265.40000000000003	142.4	136.70000000000002	719.2	934.5	761.5	984.6	861.6	749.5	867.9000000000001	830.3000000000001	982.0	126454.3019	840.100013	622.30001
134	127184.20000000001	858.9000000000001	830.5	111.10000000000001	262.8	540.5	665.3000000000001	747.8000000000001	596.1	312.20000000000005	193.8	205.8	653.1	925.2	773.5	965.3000000000001	846.9000000000001	746.3000000000001	871.1	780.2	954.7	127294.4019	874.800013	635.000009
135	128043.1	1195.5	1197.0	127.10000000000001	301.6	928.5	1053.4	1068.4	893.9000000000001	290.0	165.20000000000002	177.4	1018.1	1247.3000000000002	1072.8	1308.1000000000001	1183.3	1105.9	1230.8000000000002	1188.1000000000001	1371.0	128169.2019	1238.300018	978.700014
136	129238.6	1305.9	1302.7	170.0	352.90000000000003	1026.3	1148.6000000000001	1135.9	953.0	268.5	143.6	178.9	1127.0	1311.6000000000001	1128.7	1395.5	1270.6000000000001	1205.2	1327.5	1293.3000000000002	1477.9	129407.5019	1302.20002	1035.100016
137	130544.5	1216.1000000000001	1226.6000000000001	166.3	350.90000000000003	921.4000000000001	1047.0	1049.8	865.2	276.40000000000003	154.10000000000002	175.70000000000002	1040.4	1236.0	1051.4	1316.8000000000002	1194.5	1097.1000000000001	1222.7	1178.6000000000001	1346.9	130709.7019	1188.000017	930.800014
138	131760.6	1162.8	1122.6000000000001	138.20000000000002	306.5	859.4000000000001	978.8000000000001	1024.6000000000001	856.3000000000001	305.2	179.60000000000002	186.20000000000002	976.6	1170.6000000000001	1002.3000000000001	1281.8000000000002	1156.2	1045.6000000000001	1165.0	1103.0	1291.2	131897.702	1151.000018	907.300014
139	132923.4	824.3000000000001	913.7	126.4	314.6	570.3000000000001	686.1	697.9000000000001	509.70000000000005	263.2	143.8	146.0	678.3000000000001	933.3000000000001	745.1	941.5	822.1	716.3000000000001	832.1	790.9000000000001	936.0	133048.702	810.500012	589.800008
140	133747.7	737.8000000000001	680.1	112.60000000000001	257.7	410.70000000000005	529.8000000000001	625.2	480.1	343.40000000000003	227.60000000000002	235.4	502.40000000000003	802.9000000000001	657.8000000000001	845.8000000000001	730.0	646.1	765.2	640.2	818.9000000000001	133859.202	763.000011	533.700008
141	134485.5	1122.7	1135.3	137.8	316.5	832.3000000000001	955.2	984.9000000000001	806.2	269.40000000000003	150.3	177.70000000000002	945.0	1175.2	996.5	1214.4	1095.3	1010.0	1132.9	1087.6000000000001	1252.8000000000002	134622.202	1127.500017	872.100013
142	135608.2	1115.2	1137.9	142.6	307.8	822.0	942.5	972.6	807.4000000000001	303.0	180.10000000000002	190.3	924.9000000000001	1185.6000000000001	1020.4000000000001	1227.9	1105.0	1012.3000000000001	1132.8	1084.2	1266.0	135749.702	1131.900017	869.700013
143	136723.4	1125.8	1095.0	159.3	341.1	785.1	905.8000000000001	966.5	784.7	315.90000000000003	195.4	213.0	912.8000000000001	1148.7	966.9000000000001	1228.7	1108.2	998.1	1118.8	1049.5	1207.6000000000001	136881.602	1103.200016	838.800012
144	137849.2	993.8000000000001	976.5	136.70000000000002	294.8	711.8000000000001	836.6	857.1	699.0	309.90000000000003	189.20000000000002	182.20000000000002	811.6	1022.0	863.9000000000001	1121.5	1000.8000000000001	894.0	1018.8000000000001	972.8000000000001	1126.6000000000001	137984.8021	1018.300015	757.300011
145	138843.0	1132.9	1177.0	161.20000000000002	315.0	853.9000000000001	974.6	971.7	817.9000000000001	264.7	139.9	164.9	968.0	1180.7	1026.9	1232.7	1107.9	1018.8000000000001	1139.5	1097.2	1294.4	139003.1021	1101.000017	857.600013
146	139975.9	952.5	916.1	129.20000000000002	326.40000000000003	629.4000000000001	746.9000000000001	823.3000000000001	626.1	323.1	202.4	209.0	743.5	995.9000000000001	798.7	1066.6000000000001	945.9000000000001	838.4000000000001	955.9000000000001	857.8000000000001	1036.8	140104.1021	937.400014	709.20001
147	140928.4	727.6	727.6	114.30000000000001	293.3	449.20000000000005	563.7	613.3000000000001	434.3	286.7	169.20000000000002	172.60000000000002	555.0	785.9000000000001	606.9	841.7	724.2	621.8000000000001	736.3000000000001	665.0	812.8000000000001	141041.5021	723.40001	507.600007
148	141656.0	792.6	817.2	110.0	257.8	503.3	633.7	682.6	534.8000000000001	278.40000000000003	163.9	172.60000000000002	620.0	879.8000000000001	732.0	898.4000000000001	783.9000000000001	675.9000000000001	806.3000000000001	740.9000000000001	884.2	141764.9021	803.600012	566.100009
149	142448.6	1015.7	983.7	120.9	264.2	705.0	818.5	894.8000000000001	751.5	313.90000000000003	183.5	197.20000000000002	818.5	1060.0	916.7	1132.4	1002.0	902.2	1015.7	937.4000000000001	1123.8	142568.5021	1013.700016	781.200012
150	143464.30000000002	824.0	822.3000000000001	118.9	305.3	548.6	667.6	705.1	518.7	278.7	165.20000000000002	165.20000000000002	658.8000000000001	868.6	682.2	937.5	824.0	713.8000000000001	832.8000000000001	781.4000000000001	923.7	143582.2021	827.600012	594.700008
151	144288.30000000002	998.3000000000001	1036.6000000000001	122.60000000000001	264.90000000000003	741.6	864.2	875.7	733.4000000000001	273.7	154.70000000000002	163.5	834.8000000000001	1077.5	935.2	1108.5	989.5	905.1	1027.7	996.2	1155.7	144409.8022	1037.100015	782.600012
152	145286.6	1162.2	1152.7	161.4	320.90000000000003	848.5	967.7	1000.8000000000001	841.3000000000001	295.0	172.4	201.8	960.4000000000001	1193.1000000000001	1033.6000000000001	1255.4	1132.8	1050.3	1169.5	1108.2	1284.4	145446.9022	1148.700017	888.900014
153	146448.80000000002	1092.6000000000001	1103.8	147.8	324.0	786.5	907.4000000000001	944.8000000000001	768.6	304.2	185.0	192.3	900.3000000000001	1148.3	972.1	1204.5	1085.3	978.8000000000001	1099.7	1030.4	1167.1000000000001	146595.6022	1074.900016	830.800013
154	147541.4	966.1	939.9000000000001	130.1	266.8	646.8000000000001	767.5	836.0	699.3000000000001	317.3	196.4	203.5	762.6	1013.3000000000001	876.6	1079.9	959.0	850.3000000000001	971.0	879.2	1029.1000000000001	147670.5022	952.500015	720.100011
155	148507.5	774.5	770.2	116.60000000000001	266.5	502.90000000000003	619.4000000000001	657.9000000000001	508.0	293.1	172.4	177.3	597.2	830.9000000000001	681.0	890.3000000000001	769.6	680.2	796.7	715.5	899.7	148623.0022	776.300011	563.600008
156	149282.0	907.5	911.6	118.30000000000001	302.5	622.2	750.4000000000001	789.2	605.0	267.3	150.8	173.0	734.5	966.3000000000001	782.1	1001.8000000000001	885.3000000000001	795.2	923.4000000000001	869.2	1051.4	149399.3022	923.900014	676.90001
157	150189.5	1240.3000000000002	1218.2	134.70000000000002	316.90000000000003	943.0	1070.7	1105.6000000000001	923.4000000000001	289.40000000000003	161.20000000000002	177.10000000000002	1063.2	1260.6000000000001	1078.4	1352.6000000000001	1224.4	1120.1000000000001	1247.8000000000002	1210.4	1408.5	150323.2022	1252.700019	985.300015
158	151429.80000000002	1184.8	1180.1000000000001	147.20000000000002	345.3	912.8000000000001	1031.2	1037.6000000000001	839.5	275.2	147.5	155.0	1029.8	1187.9	989.8000000000001	1305.0	1177.3	1067.8	1186.2	1176.0	1355.3000000000002	151575.9023	1183.900017	920.600013
159	152614.6	1326.8000000000002	1337.8000000000002	146.20000000000002	325.5	1052.6000000000001	1174.1000000000001	1180.6000000000001	1001.3000000000001	267.3	148.9	150.3	1176.5	1341.9	1162.6000000000001	1443.8000000000002	1325.4	1202.9	1324.4	1323.3000000000002	1523.0	152759.8023	1327.40002	1056.600016
160	153941.4	1147.0	1163.9	146.8	346.5	874.9000000000001	991.3000000000001	1000.2	800.5	285.2	163.70000000000002	161.3	985.7	1178.4	978.7	1270.9	1149.4	1036.2	1152.6000000000001	1120.2	1276.9	154087.2023	1134.700017	889.400013
161	155088.4	1019.7	1056.4	134.5	291.2	727.2	848.9000000000001	885.2	728.5	289.0	172.60000000000002	178.20000000000002	841.5	1100.1000000000001	943.4000000000001	1130.5	1014.1	905.4000000000001	1027.1000000000001	978.2	1125.4	155221.9023	1021.900015	770.700011
162	156108.1	811.6	741.9000000000001	136.70000000000002	283.90000000000003	478.90000000000003	598.8000000000001	674.9000000000001	527.7	329.20000000000005	207.5	214.9	596.7	820.1	672.9000000000001	925.9000000000001	804.2	693.8000000000001	813.7	694.9000000000001	855.1	156243.8023	772.900012	556.900009
163	156919.7	669.1	693.8000000000001	98.2	258.40000000000003	416.6	534.5	570.9	410.70000000000005	263.0	143.1	145.20000000000002	523.9	740.8000000000001	580.6	786.9000000000001	667.0	561.8000000000001	679.7	632.2	783.5	157016.7023	679.40001	463.600007
164	157588.80000000002	1152.2	1124.8	108.30000000000001	259.6	872.0	989.7	1043.9	892.6	277.2	159.3	169.9	982.3000000000001	1186.4	1035.1000000000001	1259.5	1141.6000000000001	1041.9	1159.6000000000001	1115.7	1256.3000000000002	157696.1024	1177.300017	933.400014
165	158741.0	1267.1000000000001	1288.6000000000001	133.4	274.0	1015.2	1138.4	1133.7	993.1	252.8	135.1	142.5	1124.6000000000001	1297.7	1157.1000000000001	1377.4	1259.7	1157.7	1280.9	1281.6000000000001	1438.1000000000001	158873.4024	1290.60002	1024.100016
166	160008.1	1139.1000000000001	1135.4	157.0	313.5	857.0	982.6	982.1	825.6	273.40000000000003	150.20000000000002	164.0	975.1	1142.4	985.9000000000001	1248.5	1125.3	1021.0	1146.6000000000001	1128.2	1306.7	160164.0024	1135.400017	863.900013
167	161147.2	1031.1000000000001	1061.7	153.1	331.6	760.0	878.4000000000001	878.0	699.5	278.40000000000003	152.8	160.3	870.8000000000001	1068.9	890.4000000000001	1149.2	1023.6	920.3000000000001	1038.7	1017.2	1170.2	161299.4024	1024.100015	766.900011
168	162178.30000000002	869.1	832.2	146.4	299.40000000000003	571.5	687.9000000000001	722.7	569.7	301.7	183.3	190.9	678.2	876.7	723.7	979.9000000000001	861.5	762.4000000000001	878.8000000000001	784.3000000000001	946.2	162323.5024	828.900012	616.200009
169	163047.40000000002	735.1	761.7	106.10000000000001	268.0	477.90000000000003	592.0	629.0	467.1	260.7	144.3	154.0	581.1	809.6	647.7	841.8000000000001	725.4000000000001	631.9000000000001	746.0	691.3000000000001	866.4000000000001	163152.4024	739.500011	525.800008
170	163782.5	1051.0	1040.7	110.2	285.3	778.3000000000001	900.7	940.8000000000001	765.7	283.8	169.70000000000002	180.60000000000002	870.4000000000001	1111.1000000000001	936.0	1154.2	1040.1000000000001	958.9000000000001	1081.3	1027.0	1177.9	163891.9024	1097.100017	848.400013
171	164833.5	1172.8	1160.0	156.60000000000002	307.5	885.3000000000001	1008.1	1016.2	865.3000000000001	262.40000000000003	140.0	170.3	1002.5	1173.7	1022.8000000000001	1264.9	1142.5	1055.6000000000001	1178.4	1152.6000000000001	1313.6000000000001	164989.0025	1166.400017	898.900013
172	166006.30000000002	1170.8	1180.7	150.1	311.1	893.0	1018.8000000000001	1020.7	859.7	274.7	151.9	157.5	1013.3000000000001	1188.1000000000001	1027.1000000000001	1288.0	1165.2	1050.5	1176.3	1161.6000000000001	1342.1000000000001	166155.4025	1169.000017	900.200013
173	167177.1	1231.7	500.8	148.3	328.8	474.90000000000003	597.2	1083.4	902.9000000000001	287.7	161.9	167.4	1064.3	519.9	339.40000000000003	1352.0	1226.2	1143.1000000000001	1265.4	1244.7	1419.9	167324.4025	1263.800019	994.700015
174	168408.80000000002	1190.0	1147.3	180.4	355.6	886.0	1007.7	1009.6	834.4000000000001	277.3	155.0	188.70000000000002	1001.3000000000001	1155.6000000000001	980.4000000000001	1278.6000000000001	1156.3	1074.7	1196.4	1141.1000000000001	1311.3000000000002	168588.2025	1149.300017	894.100013
175	169598.80000000002	1221.2	1216.9	139.8	310.0	940.7	1065.3	1081.4	911.2	261.3	139.6	146.0	1075.2	1223.1000000000001	1052.9	1336.5	1214.8	1086.7	1211.3	1180.0	1334.1000000000001	169737.5025	1186.200018	947.000014
176	170820.0	737.9000000000001	763.3000000000001	104.80000000000001	258.90000000000003	485.40000000000003	599.9	633.1	479.0	276.2	151.6	141.70000000000002	596.2	800.2	646.1	872.4000000000001	747.8000000000001	627.1	741.6	702.9000000000001	857.5	170923.7025	739.800011	522.400008
177	171557.90000000002	995.7	1027.2	106.7	261.3	714.6	837.9000000000001	889.0	734.4000000000001	277.90000000000003	163.4	167.10000000000002	828.6	1087.6000000000001	933.0	1106.5	992.0	881.7	1005.0	957.5	1104.7	171663.5026	1017.800015	775.100012
178	172553.6	986.0	958.7	128.9	276.1	673.0	794.0	857.1	709.9000000000001	312.6	189.3	198.60000000000002	787.4000000000001	1028.4	881.2	1100.0	976.7	871.6	992.6	920.2	1058.1000000000001	172681.3026	990.100015	742.900011
179	173539.6	902.2	902.6	132.8	270.7	629.1	746.9000000000001	769.4000000000001	631.5	285.7	164.70000000000002	171.3	730.9000000000001	941.1	803.2	1016.6	895.6	800.4000000000001	918.2	864.0	1040.9	173671.4026	902.400013	667.60001
180	174441.80000000002	935.5	911.8000000000001	133.1	310.0	659.9000000000001	780.2	802.4000000000001	625.5	273.5	155.70000000000002	171.70000000000002	763.8000000000001	950.4000000000001	773.5	1037.3	919.5	831.6	951.9000000000001	905.6	1083.3	174573.8026	944.300014	698.600011
181	175377.30000000002	1183.5	1253.5	141.8	319.5	903.2	1030.0	1041.7	864.0	251.9	131.6	148.0	1035.5	1259.7	1082.0	1287.4	1167.1000000000001	1051.2	1178.0	1174.5	1334.5	175518.1026	1180.500018	909.400014
182	176560.80000000002	1135.4	1102.0	139.0	299.0	819.1	946.5	996.4000000000001	836.4000000000001	350.3	223.5	218.0	917.4000000000001	1181.0	1021.0	1267.7	1140.9	1037.1000000000001	1164.5	1095.8	1259.2	176698.6026	1175.100018	898.100013
183	177696.2	1033.9	1077.1000000000001	178.4	341.8	740.7	860.3000000000001	855.5	692.1	282.90000000000003	155.5	184.60000000000002	849.3000000000001	1083.3	919.9000000000001	1132.2	1004.8000000000001	925.3000000000001	1044.9	991.8000000000001	1146.4	177873.7027	997.800014	746.600011
184	178730.1	1016.6	1001.3000000000001	142.5	297.1	696.8000000000001	816.7	874.1	719.5	336.40000000000003	216.8	227.8	788.8000000000001	1086.6000000000001	932.0	1125.2	1005.6	924.6	1044.5	919.2	1095.7	178871.5027	1004.600015	782.000012
185	179746.7	771.6	706.1	130.4	306.90000000000003	451.1	567.5	641.2	464.70000000000005	304.5	184.60000000000002	212.5	559.1	788.2	611.7	863.6	743.7	663.6	780.0	671.0	840.8000000000001	179876.1027	753.000012	533.100008
186	180518.30000000002	1135.5	1138.8	111.9	281.7	874.7	995.1	1023.6	853.8000000000001	255.0	138.6	147.0	988.5	1173.9	1004.1	1243.5	1127.1000000000001	1021.7	1142.1000000000001	1142.6000000000001	1278.6000000000001	180629.1027	1177.700017	909.900013
187	181653.80000000002	1184.5	1199.4	154.10000000000002	290.1	921.0	1042.5	1030.4	894.4000000000001	264.1	143.70000000000002	150.3	1034.2	1195.6000000000001	1059.6000000000001	1298.3000000000002	1177.9	1071.3	1192.8	1193.1000000000001	1362.4	181806.8027	1189.400018	917.100014
188	182838.30000000002	1142.5	1106.7	158.9	328.20000000000005	837.3000000000001	959.8000000000001	983.6	814.3000000000001	278.40000000000003	156.9	165.20000000000002	977.3000000000001	1113.0	943.7	1255.7	1134.2	1002.5	1125.0	1098.9	1275.1000000000001	182996.2027	1105.100016	843.400012
189	183980.80000000002	1103.0	1153.9	121.60000000000001	297.8	881.6	1004.0	981.4000000000001	805.2	269.40000000000003	146.9	129.4	973.6	1161.7	985.5	1243.0	1120.5	1011.0	1133.4	1147.6000000000001	1312.5	184101.3027	1155.400018	889.300014
190	185083.80000000002	1072.8	1071.8	174.0	338.90000000000003	798.4000000000001	919.3000000000001	898.8000000000001	733.9000000000001	272.3	149.9	180.3	892.5	1078.1000000000001	913.2	1164.8	1042.4	978.7	1099.6000000000001	1060.1000000000001	1219.4	185256.7028	1066.500015	804.700012
191	186156.6	1112.6000000000001	1113.7	167.60000000000002	326.90000000000003	820.3000000000001	936.1	945.0	785.7	273.40000000000003	152.5	179.3	933.3000000000001	1125.4	966.1	1206.7	1085.8	999.6	1115.4	1051.0	1242.8000000000002	186323.2028	1062.500016	831.800013
192	187269.2	772.8000000000001	747.9000000000001	117.7	309.5	485.40000000000003	603.9	655.1	463.3	293.40000000000003	177.60000000000002	180.4	592.4	810.6	618.8000000000001	885.8000000000001	770.0	665.8000000000001	784.3000000000001	709.0	878.3000000000001	187385.7028	771.800012	548.100008
193	188042.0	1048.8	1047.3	116.60000000000001	285.90000000000003	778.7	897.9000000000001	932.2	762.9000000000001	262.5	144.0	155.5	893.3000000000001	1086.2	916.9000000000001	1155.8	1037.3	934.2	1053.4	1040.7	1210.9	188157.5028	1079.600016	817.500012
194	189090.80000000002	1127.4	1166.5	147.4	317.6	853.0	979.8000000000001	980.0	809.8000000000001	268.6	149.4	154.0	973.4000000000001	1173.1000000000001	1002.9000000000001	1242.0	1122.8	1007.0	1133.8	1114.2	1303.1000000000001	189237.1028	1120.800017	859.500013
195	190218.2	1176.5	1136.5	140.8	329.70000000000005	858.9000000000001	985.7	1035.7	846.8000000000001	313.5	186.70000000000002	193.10000000000002	983.4000000000001	1188.8	999.9000000000001	1296.9	1170.1000000000001	1052.0	1178.8	1126.9	1301.2	190357.9028	1179.400017	911.200013
196	191394.7	1186.8	1217.6000000000001	143.5	317.8	914.9000000000001	1035.7	1043.3	869.0	277.6	150.8	153.1	1033.7	1227.2	1052.9	1311.3000000000002	1184.5	1068.0	1188.8	1171.6000000000001	1344.5	191537.3029	1181.200018	924.200014
197	192581.5	1059.7	1085.8	137.9	310.8	763.0	885.7	921.8000000000001	748.9000000000001	302.7	181.9	183.9	875.8000000000001	1131.8	958.9000000000001	1178.5	1057.7	946.9000000000001	1069.6000000000001	1010.0	1209.7	192718.5029	1055.900015	808.800012
198	193641.2	1039.1000000000001	991.9000000000001	134.20000000000002	333.90000000000003	707.2	827.5	904.9000000000001	705.2	322.8	200.10000000000002	210.0	829.1	1067.7	868.0	1151.9	1029.2	917.2	1037.5	949.2	1107.2	193774.4029	1024.900016	782.900012
199	194680.30000000002	935.9000000000001	977.0	120.10000000000001	278.1	664.9000000000001	780.9000000000001	815.8000000000001	657.8000000000001	284.7	164.4	162.8	773.1	1019.7	861.7	1057.8	937.5	827.7	943.7	874.5	1034.7	194799.3029	917.200013	707.60001
200	195616.2	721.4000000000001	676.8000000000001	101.4	261.6	411.40000000000003	529.5	620.0	459.8	312.1	196.10000000000002	203.9	517.5	779.3000000000001	619.1	829.6	713.6	615.3000000000001	733.4000000000001	619.2	797.8000000000001	195716.5029	721.700011	513.800008
201	196337.6	840.2	872.4000000000001	101.7	280.3	572.6	699.0	738.5	559.9	265.40000000000003	147.3	159.3	680.9000000000001	930.0	751.4000000000001	946.3000000000001	828.2	731.9000000000001	858.3000000000001	828.4000000000001	988.9000000000001	196438.2029	886.000013	630.10001
202	197177.80000000002	1122.4	1093.5	147.5	308.0	825.0	950.0	974.9000000000001	814.4000000000001	299.8	173.4	191.5	930.9000000000001	1137.5	977.0	1230.7	1104.3	1016.5	1141.5	1072.3	1233.9	197324.2029	1116.200017	869.000013
203	198300.2	1139.1000000000001	1176.0	141.4	303.0	862.0	982.2	997.7	836.1	268.5	143.5	162.60000000000002	976.5	1197.2	1035.6000000000001	1245.0	1120.0	1024.6000000000001	1144.8	1124.6000000000001	1305.7	198440.403	1145.900017	883.200013
204	199439.30000000002	1107.4	1135.1000000000001	148.1	329.20000000000005	798.1	922.4000000000001	959.3000000000001	778.2	314.0	193.8	199.5	907.9000000000001	1186.5	1005.4000000000001	1221.9	1101.7	997.6	1121.9	1047.7	1215.4	199586.303	1099.100016	849.500013
205	200546.7	1114.5	1053.0	139.8	307.5	751.6	871.4000000000001	974.7	807.0	337.0	212.70000000000002	227.20000000000002	887.3000000000001	1140.4	972.7	1224.3	1100.0	978.8000000000001	1098.6000000000001	1004.2	1165.2	200685.403	1091.600017	838.900013
206	201661.2	1090.6000000000001	1108.8	116.9	277.90000000000003	812.4000000000001	927.0	973.7	812.7	301.40000000000003	181.60000000000002	165.70000000000002	924.9000000000001	1157.6000000000001	996.6	1226.3	1106.5	978.1	1092.7	1064.3	1222.9	201777.003	1113.100016	861.200013
207	202751.80000000002	960.8000000000001	945.7	139.4	298.0	670.2	787.7	821.4000000000001	662.8000000000001	296.40000000000003	181.8	183.9	776.9000000000001	990.2	831.6	1073.3	958.7	854.1	971.6	891.9000000000001	1060.9	202890.103	936.300014	714.600011
208	203712.6	767.9000000000001	775.2	115.0	284.0	496.40000000000003	609.5	652.9000000000001	483.90000000000003	275.5	158.0	168.8	599.1	829.0	660.0	874.6	757.1	665.2	778.3000000000001	712.7	884.2	203826.403	766.500012	550.300008
209	204480.5	1111.3	1100.7	113.60000000000001	285.1	819.3000000000001	945.2	997.7	826.2	278.8	165.70000000000002	176.10000000000002	935.2	1163.2	991.7	1214.0	1100.9	995.4000000000001	1121.3	1081.7	1260.0	204592.903	1144.200017	881.800013
210	205591.80000000002	1133.7	1128.0	146.5	324.8	854.5	977.4000000000001	987.2	808.9000000000001	281.40000000000003	155.5	165.5	968.2	1147.0	968.7	1249.6000000000001	1123.7	1020.0	1142.9	1119.8	1277.7	205737.1031	1139.000017	873.600013
211	206725.5	1165.3	1170.0	151.6	309.5	877.5	1006.5	1013.7	855.8000000000001	273.5	150.6	159.8	1005.5	1178.2	1020.3000000000001	1279.0	1156.1000000000001	1037.3	1166.3	1161.0	1349.9	206876.1031	1169.200017	885.700013
212	207890.80000000002	1117.3	1143.1000000000001	155.5	344.40000000000003	834.1	958.7	961.8000000000001	772.9000000000001	292.5	163.5	164.5	952.8000000000001	1152.1000000000001	963.2	1245.3000000000002	1116.3	998.6	1123.2	1094.1000000000001	1249.8000000000002	208045.3031	1102.900017	842.900013
213	209008.1	1007.1	1011.5	141.3	297.0	705.1	827.1	865.8000000000001	710.1	309.0	184.4	190.3	816.8000000000001	1060.5	904.8000000000001	1125.8	1001.2	895.4000000000001	1017.4000000000001	961.0	1127.2	209148.2031	1010.200015	754.100011
214	210015.2	1314.3000000000002	1327.7	144.20000000000002	310.40000000000003	1041.7	1165.1000000000001	1170.1000000000001	1003.9000000000001	306.40000000000003	184.4	194.70000000000002	1119.6000000000001	1378.2	1212.0	1426.0	1304.0	1236.4	1359.8000000000002	1317.6000000000001	1497.0	210158.4031	1368.20002	1091.900016
215	211329.5	1094.5	1063.8	198.0	377.40000000000003	770.7	891.7	896.5	717.1	286.0	162.60000000000002	208.10000000000002	886.4000000000001	1073.9	894.5	1172.4	1049.0	978.8000000000001	1099.8	1018.3000000000001	1176.7	211526.6032	1028.200015	780.500012
216	212424.0	852.0	857.3000000000001	131.9	290.3	563.5	683.1	720.1	561.7	293.1	172.10000000000002	177.4	674.6	902.8000000000001	744.4000000000001	967.7	846.7	740.9000000000001	860.5	779.0	958.4000000000001	212554.8032	824.600013	609.000009
217	213276.0	733.6	715.4000000000001	104.4	283.8	446.8	567.7	629.2	449.8	293.8	174.20000000000002	182.70000000000002	550.9	793.7	614.3000000000001	844.7	725.1	629.5	750.4000000000001	658.7	840.1	213379.4032	736.900011	524.900007
218	214009.6	959.2	960.6	107.80000000000001	289.2	681.6	800.2	851.4000000000001	670.0	268.6	147.70000000000002	164.5	794.7	1017.3000000000001	835.9000000000001	1063.3	942.4000000000001	846.1	964.7	916.7	1115.2	214116.3032	973.400014	738.400011
219	214968.80000000002	960.2	961.0	122.0	320.5	702.4000000000001	824.2	838.2	639.7	279.0	160.4	165.9	794.3000000000001	1004.9000000000001	806.4000000000001	1073.3	954.7	868.3000000000001	990.1	953.6	1114.3	215089.7032	997.600015	746.200011
220	215929.0	1219.4	1279.2	159.3	320.0	943.2	1061.8	1060.1000000000001	899.4000000000001	258.6	136.8	166.70000000000002	1052.7	1286.6000000000001	1125.9	1311.3000000000002	1189.5	1109.9	1228.5	1198.4	1353.6000000000001	216087.3032	1205.700018	950.500014
221	217148.40000000002	918.7	888.4000000000001	145.70000000000002	300.90000000000003	603.9	720.6	773.0	617.8000000000001	336.0	217.4	226.5	692.2	969.2	814.0	1028.2	909.6	830.4000000000001	947.1	843.5	1031.2	217293.0032	924.200014	684.70001
222	218067.1	1040.5	993.4000000000001	151.3	339.0	728.7	845.5	889.2	701.5	284.5	167.8	196.20000000000002	844.3000000000001	1038.3	850.6	1128.8	1012.1	924.9000000000001	1041.7	989.6	1155.3	218217.2033	1034.700015	773.700011
223	219107.6	1160.7	1193.1000000000001	145.3	311.0	897.5	1018.2	1015.4000000000001	849.7	264.7	147.9	149.1	1011.6	1196.9	1031.2	1276.3000000000002	1159.5	1046.6000000000001	1167.3	1149.5	1317.7	219251.9033	1153.200017	901.300014
224	220268.30000000002	1082.2	1121.8	137.9	306.1	788.5	912.9000000000001	944.3000000000001	776.1	295.6	174.9	181.5	900.7	1165.4	997.2	1196.3	1075.6000000000001	970.0	1094.4	1042.6000000000001	1192.4	220405.1033	1086.300016	832.000013
225	221350.5	1136.2	1098.8	141.9	291.7	797.1	917.9000000000001	994.3000000000001	844.5	333.3	208.9	221.10000000000002	915.1	1178.0	1028.2	1248.4	1124.0	1018.2	1139.0	1050.7	1217.0	221491.4033	1129.700017	876.100014
226	222486.7	1059.9	1049.3	135.6	301.90000000000003	760.4000000000001	885.3000000000001	924.3000000000001	758.0	301.7	180.9	183.70000000000002	876.2	1097.4	931.1	1177.9	1057.1000000000001	944.1	1069.0	1002.9000000000001	1196.8	222621.1033	1051.100016	808.600012
227	223546.6	878.7	910.2	126.7	320.6	602.6	719.0	752.0	558.1	288.90000000000003	164.0	173.10000000000002	705.6	956.6	762.7	994.5	869.6	775.7	892.1	823.4000000000001	1003.4000000000001	223672.2033	869.700013	649.10001
228	224425.30000000002	742.6	698.8000000000001	117.80000000000001	297.8	430.8	548.7	624.8000000000001	444.8	307.6	191.20000000000002	204.60000000000002	538.0	785.6	605.6	845.6	729.2	635.4000000000001	753.3000000000001	657.2	824.1	224541.9033	744.000011	517.700008
229	225167.90000000002	1064.7	1099.5	119.2	286.1	793.1	915.1	945.5	778.6	268.0	150.1	160.8	903.9000000000001	1141.1000000000001	974.2	1171.9	1054.0	953.9000000000001	1075.9	1046.7	1234.4	225285.9034	1088.400016	834.700012
230	226232.6	1138.9	1138.1000000000001	142.8	330.5	830.2	955.5	996.1	808.4000000000001	306.40000000000003	184.4	195.60000000000002	943.3000000000001	1190.9	1003.2	1249.7	1127.7	1025.8	1151.1000000000001	1091.7	1265.9	226374.3034	1144.600017	883.000013
231	227371.5	1139.5	1144.1000000000001	148.4	322.6	832.5	953.3000000000001	991.1	816.9000000000001	307.90000000000003	182.60000000000002	194.8	944.7	1190.5	1016.3000000000001	1252.6000000000001	1127.3	1027.3	1148.1000000000001	1094.9	1271.5	227518.9034	1141.300017	878.600013
232	228511.0	1056.6000000000001	1040.0	150.20000000000002	326.8	740.3000000000001	864.1	906.4000000000001	729.8000000000001	311.6	190.8	199.4	857.2	1089.2	912.6	1168.8	1048.0	939.7	1063.5	995.6	1165.6000000000001	228660.2034	1044.900016	789.300012
233	229567.6	1066.1000000000001	1040.9	138.4	308.40000000000003	768.8000000000001	922.2	927.7	757.7	299.7	175.9	182.8	883.3000000000001	1085.3	915.3000000000001	1183.0	1059.2	951.6	1105.0	1029.4	1197.2	229705.1034	1073.600016	813.000012
234	230633.7	1035.3	1026.6000000000001	146.1	313.90000000000003	762.9000000000001	891.4000000000001	889.2	721.4000000000001	272.1	118.7	157.60000000000002	877.7	1038.1000000000001	870.3000000000001	1149.8	996.4000000000001	920.5	1049.0	1021.8000000000001	1161.6000000000001	230778.7034	1033.300015	774.400011
235	231669.0	877.9000000000001	914.1	144.1	283.90000000000003	619.4000000000001	740.0	733.8000000000001	594.0	263.7	135.20000000000002	148.9	729.0	918.9000000000001	779.1	992.7	864.2	768.3000000000001	888.9000000000001	834.7	993.3000000000001	231812.0035	839.500013	624.20001
236	232546.90000000002	700.8000000000001	698.0	105.7	264.3	406.8	525.1	595.1	436.5	294.7	174.10000000000002	185.10000000000002	515.7	777.4000000000001	618.8000000000001	810.4000000000001	689.8000000000001	591.9	710.2	632.0	803.8000000000001	232651.5035	711.40001	486.200007
237	233247.7	1044.5	1035.3	116.30000000000001	288.1	753.8000000000001	868.4000000000001	928.2	756.4000000000001	291.2	172.9	182.3	862.2	1101.3	929.5	1153.4	1035.1000000000001	936.1	1050.7	993.2	1184.5	233362.9035	1059.100016	819.900013
238	234292.2	944.3000000000001	951.1	131.0	322.3	658.1	780.1	813.3000000000001	622.0	281.5	166.9	173.10000000000002	771.2	993.2	801.9000000000001	1052.7	938.1	831.2	953.2	900.8000000000001	1067.3	234422.0035	943.200014	700.200011
239	235236.5	1014.6	1001.4000000000001	129.6	296.1	734.1	847.4000000000001	885.0	718.5	293.0	171.0	179.9	834.7	1051.7	885.2	1127.7	1005.7	914.0	1027.3	960.5	1146.0	235365.2035	1010.600015	784.100012
240	236251.1	852.4000000000001	875.5	125.80000000000001	311.3	591.8000000000001	708.2	726.6	541.1	267.3	154.0	166.70000000000002	685.7	916.4000000000001	730.9000000000001	953.0	839.7	758.5	874.9000000000001	829.3000000000001	1017.1	236375.8035	870.300013	632.70001
241	237103.5	1073.1000000000001	1032.1000000000001	143.6	331.40000000000003	766.4000000000001	881.8000000000001	929.5	741.7	283.7	167.3	189.8	883.3000000000001	1078.3	890.5	1167.0	1050.6000000000001	956.2	1071.6000000000001	1017.1	1168.3	237246.1035	1063.200016	812.400012
242	238176.6	1027.4	1039.4	133.8	285.0	781.9000000000001	901.4000000000001	893.6	742.4000000000001	265.7	150.3	148.8	878.6	1054.4	903.2	1144.3	1028.9	930.7	1050.2	1031.0	1202.1000000000001	238309.3036	1046.000016	796.800012
243	239204.0	859.6	894.6	152.4	323.5	590.2	704.9000000000001	707.2	536.1	257.5	138.0	160.8	698.8000000000001	903.0	731.9000000000001	956.3000000000001	836.8000000000001	751.0	865.7	805.1	993.0	239355.3036	813.600012	598.600009
244	240063.6	745.4000000000001	716.2	106.30000000000001	294.2	440.8	561.1	639.1	451.20000000000005	304.40000000000003	189.70000000000002	195.8	549.6	805.7	617.8000000000001	854.0	739.3000000000001	636.6	756.9000000000001	654.7	800.1	240168.9036	744.100011	530.200008
245	240809.0	820.7	853.4000000000001	105.10000000000001	250.5	568.4	686.7	715.6	570.2	275.40000000000003	155.10000000000002	166.60000000000002	654.1	914.9000000000001	769.5	929.5	809.2	735.0	853.3000000000001	807.9000000000001	965.5	240913.0036	869.500013	629.800009
246	241629.7	1101.2	1058.5	153.8	311.40000000000003	776.2	895.1	947.4000000000001	789.8000000000001	285.0	166.70000000000002	199.3	901.9000000000001	1104.0	946.4000000000001	1186.9	1068.6000000000001	975.5	1094.4	1037.3	1175.4	241782.5036	1082.600016	821.600012
247	242730.90000000002	1073.6000000000001	1103.7	135.4	273.5	823.9000000000001	943.7	938.2	800.1	282.3	163.4	156.60000000000002	917.0	1124.9	986.8000000000001	1199.3	1080.4	980.5	1100.3	1098.7	1259.2	242865.1036	1120.000017	845.100013
248	243804.5	1134.1000000000001	1115.2	181.70000000000002	342.20000000000005	838.3000000000001	957.5	952.4000000000001	791.9000000000001	279.8	160.0	186.70000000000002	947.4000000000001	1120.2	959.7	1227.2	1107.4	1025.0	1144.2	1108.4	1272.0	243985.1036	1113.400016	843.200012
249	244938.6	1153.7	1131.6000000000001	161.0	324.6	863.5	984.0	992.7	829.1	276.90000000000003	157.70000000000002	167.8	985.9000000000001	1138.4	974.8000000000001	1262.8000000000002	1143.6000000000001	1031.3	1151.8	1122.7	1307.0	245098.5037	1129.600017	870.200013
250	246092.30000000002	1095.4	1103.8	136.8	321.1	840.1	956.0	958.6	774.3000000000001	268.1	147.6	145.70000000000002	949.7	1112.7	928.4000000000001	1217.8	1097.3	985.8000000000001	1101.7	1095.1000000000001	1243.5	246228.1037	1103.900017	848.800013
251	247187.7	972.4000000000001	977.9000000000001	145.4	293.8	707.4000000000001	824.3000000000001	827.0	678.6	263.7	147.8	154.10000000000002	818.3000000000001	986.6	838.2	1082.0	966.1	861.5	978.4000000000001	938.7	1122.9	247332.0037	947.500014	715.90001
252	248160.1	710.4000000000001	750.1	120.4	304.6	447.0	562.0	590.0	405.8	270.5	153.60000000000002	159.60000000000002	550.8000000000001	789.3000000000001	605.1	821.3000000000001	704.4000000000001	606.6	721.6	668.0	850.9000000000001	248279.5037	707.20001	486.000007
253	248870.5	870.0	833.6	117.2	300.1	555.0	679.8000000000001	752.8000000000001	569.9	303.1	188.10000000000002	199.3	670.7	915.7	732.8000000000001	973.8000000000001	858.8000000000001	754.3000000000001	879.1	798.3000000000001	939.2	248986.7037	880.300013	636.90001
254	249740.5	899.7	904.1	127.60000000000001	268.5	620.7	742.4000000000001	772.1	631.2	278.6	153.8	162.9	736.8000000000001	939.4000000000001	798.5	1015.4000000000001	890.6	783.6	905.3000000000001	857.5	1011.1	249867.0037	892.800014	655.90001
255	250640.2	920.2	945.6	120.7	274.3	644.4000000000001	763.8000000000001	799.5	645.9000000000001	283.40000000000003	161.70000000000002	167.3	752.9000000000001	992.2	838.6	1036.3	914.6	811.7	931.1	879.3000000000001	1049.7	250759.8037	925.900013	691.00001
256	251560.40000000002	897.4000000000001	895.2	126.4	296.8	592.5	714.8000000000001	771.0	600.6	301.2	181.8	192.70000000000002	704.7	961.5	791.1	1005.9000000000001	886.5	785.2	907.5	825.9000000000001	1014.1	251685.7038	892.300014	658.60001
257	252457.80000000002	1008.8000000000001	966.8000000000001	121.2	309.40000000000003	707.5	821.4000000000001	887.6	699.4000000000001	302.7	180.4	190.5	818.3000000000001	1036.1000000000001	847.9000000000001	1121.0	998.7	898.0	1011.9000000000001	959.5	1132.8	252578.0038	1028.800015	776.500011
258	253466.6	1072.3	1111.1000000000001	141.20000000000002	314.5	797.4000000000001	915.9000000000001	931.1	757.8000000000001	259.3	145.4	148.5	923.8000000000001	1118.4	945.1	1183.1000000000001	1069.2	945.9000000000001	1064.4	1065.8	1224.3	253606.8038	1072.900016	804.600012
259	254538.90000000002	999.4000000000001	974.9000000000001	142.0	300.5	700.2	820.0	857.4000000000001	698.9000000000001	313.70000000000005	195.20000000000002	187.3	812.1	1020.2	861.7	1125.8	1007.3000000000001	887.5	1007.3000000000001	967.4000000000001	1123.2	254679.7038	1012.800015	745.600011
260	255538.30000000002	1013.3000000000001	1031.2	155.3	311.1	734.1	857.5	858.0	702.2	274.7	154.9	162.8	850.5	1038.7	882.9000000000001	1125.2	1005.4000000000001	896.9000000000001	1020.3000000000001	992.9000000000001	1147.4	255692.5038	1000.400015	741.700011
261	256551.6	972.9000000000001	967.0	142.4	296.90000000000003	679.3000000000001	797.4000000000001	830.5	676.0	297.1	173.70000000000002	180.70000000000002	792.2	1005.3000000000001	850.8000000000001	1089.3	965.9000000000001	860.0	978.1	909.4000000000001	1051.0	256692.9038	947.700014	717.400011
262	257524.5	748.5	750.6	117.2	258.8	469.3	586.1	631.3000000000001	489.70000000000005	287.7	169.60000000000002	174.8	573.7	808.2	666.6	861.4000000000001	743.3000000000001	644.1	760.9000000000001	691.0	846.3000000000001	257640.6038	748.500011	526.700008
263	258273.0	945.3000000000001	918.4000000000001	117.30000000000001	272.6	652.3000000000001	777.6	828.0	672.7	281.3	164.5	176.9	768.4000000000001	978.0	822.7	1049.7	932.9000000000001	829.2	954.5	911.0	1074.8	258389.1039	970.800015	711.900011
264	259218.30000000002	1194.0	1194.7	142.6	306.40000000000003	930.3000000000001	1052.0	1051.4	887.6	266.1	140.8	150.0	1044.0	1202.1000000000001	1038.3	1310.1000000000001	1184.8	1080.3	1202.0	1201.6000000000001	1353.3000000000002	259359.9039	1208.900018	937.500014
265	260412.30000000002	1207.6000000000001	1219.6000000000001	157.60000000000002	309.3	938.8000000000001	1055.4	1050.0	898.3000000000001	264.40000000000003	142.70000000000002	150.70000000000002	1056.9	1212.7	1061.0	1321.3000000000002	1199.6000000000001	1089.5	1206.1000000000001	1211.7	1371.4	260568.8039	1204.800018	931.900014
266	261619.90000000002	1097.2	1088.5	154.8	314.5	817.0	940.3000000000001	942.4000000000001	782.7	280.8	164.20000000000002	162.70000000000002	934.5	1096.4	936.7	1215.3	1098.7	979.7	1103.0	1080.7	1244.3000000000002	261773.6039	1088.700016	824.700012
267	262717.10000000003	1160.4	1172.4	146.20000000000002	309.8	887.8000000000001	1009.8000000000001	1014.2	850.6	271.5	148.20000000000002	154.0	1006.4000000000001	1180.2	1016.6	1277.9	1154.6000000000001	1041.8	1163.8	1156.0	1337.1000000000001	262862.3039	1163.700017	895.500013
268	263877.5	1139.9	1144.1000000000001	149.6	330.70000000000005	858.4000000000001	976.4000000000001	990.3000000000001	809.2	284.6	162.60000000000002	166.0	973.9000000000001	1160.5	979.4000000000001	1258.5	1136.5	1024.4	1142.4	1104.3	1301.9	264026.0039	1120.700017	874.700013
269	265017.4	886.0	913.0	130.4	328.0	609.4	727.9000000000001	755.6	558.0	285.7	167.70000000000002	170.20000000000002	715.8000000000001	952.8000000000001	755.2	1001.5	883.5	779.6	898.1	829.3000000000001	1008.3000000000001	265146.704	869.200013	649.10001
270	265903.4	721.5	686.7	113.5	292.5	415.1	535.0	608.0	429.0	303.6	185.10000000000002	197.20000000000002	524.3000000000001	770.4000000000001	591.4	827.9000000000001	709.4000000000001	612.3000000000001	732.2	630.7	777.7	266015.904	714.400011	498.600007
271	266624.9	920.3000000000001	916.3000000000001	106.4	253.4	646.2	766.9000000000001	813.9000000000001	666.9000000000001	271.6	151.70000000000002	162.4	757.9000000000001	972.3000000000001	825.3000000000001	1029.5	909.6	808.6	929.3000000000001	907.3000000000001	1073.5	266730.304	963.200014	701.90001
272	267545.2	1072.4	1070.8	149.4	315.6	797.8000000000001	920.2	923.0	756.8000000000001	270.1	149.4	158.4	914.0	1079.8	913.6	1184.1000000000001	1063.4	956.2	1078.6000000000001	1064.4	1237.7	267693.504	1073.400016	806.800012
273	268617.60000000003	1067.7	1064.1000000000001	150.4	323.70000000000005	797.0	916.3000000000001	917.3000000000001	744.0	273.0	150.6	156.8	910.9000000000001	1070.5	897.2	1183.9	1061.5	953.8000000000001	1073.1000000000001	1054.0	1196.3	268766.904	1060.400016	803.300012
274	269685.3	993.7	1058.9	143.1	285.40000000000003	727.0	849.9000000000001	850.6	708.3000000000001	267.1	147.8	153.20000000000002	840.5	1069.0	926.7	1107.6000000000001	988.3000000000001	880.2	1003.1	982.0	1135.3	269827.304	992.000015	737.000011
275	270679.0	1058.6000000000001	1086.7	141.5	294.8	728.6	851.1	917.1	763.8000000000001	331.90000000000003	209.0	218.4	840.2	1163.6000000000001	1010.3000000000001	1172.1000000000001	1049.2	947.0	1069.5	969.6	1118.6000000000001	270819.304	1046.500015	805.400012
276	271737.60000000003	920.5	862.2	129.4	278.40000000000003	562.7	679.6	791.1	642.1	358.1	235.60000000000002	246.5	674.0	979.3000000000001	830.3000000000001	1032.1000000000001	909.6	809.2	926.1	796.1	971.4000000000001	271865.8041	913.200014	679.70001
277	272658.10000000003	759.3000000000001	755.4000000000001	122.10000000000001	297.40000000000003	457.1	577.7	637.2	461.90000000000003	299.5	182.60000000000002	188.20000000000002	571.1	821.5	646.2	870.6	753.7	645.3000000000001	765.9000000000001	670.1	860.9000000000001	272779.0041	736.400011	523.200008
278	273417.4	678.1	666.7	99.0	289.8	385.70000000000005	505.20000000000005	579.1	388.3	298.3	177.70000000000002	184.3	493.8	752.0	561.2	792.1	671.5	570.0	689.5	604.8000000000001	758.2	273515.4041	690.10001	470.800007
279	274095.5	884.1	913.7	111.0	264.40000000000003	620.5	741.8000000000001	773.1	619.7	281.0	161.5	172.9	711.2	975.6	822.2	992.2	872.7	793.4000000000001	914.7	866.7	1012.0	274205.5041	928.500014	682.20001
280	274979.60000000003	1038.1000000000001	989.4000000000001	155.5	300.8	724.4000000000001	844.5	882.6	737.3000000000001	293.2	171.9	202.5	835.6	1036.4	891.1	1128.8	1007.5	926.9000000000001	1047.0	980.0	1130.3	275134.0041	1026.900015	771.400011
281	276017.7	1078.9	1129.7	144.4	294.7	830.8000000000001	948.7	934.5	784.2	265.0	144.9	153.8	925.1	1139.1000000000001	988.8000000000001	1190.1000000000001	1070.0	984.6	1102.5	1085.3	1250.8000000000002	276160.9041	1094.800016	840.200013
282	277096.60000000003	944.8000000000001	901.9000000000001	160.20000000000002	325.70000000000005	621.2	773.3000000000001	784.6	619.1	298.90000000000003	181.0	204.60000000000002	740.2	946.3000000000001	780.8000000000001	1039.1000000000001	921.2	825.8000000000001	977.9000000000001	864.0	1045.2	277255.7041	908.300014	665.60001
283	278041.4	914.7	922.9000000000001	123.80000000000001	305.0	642.0	760.4000000000001	790.9000000000001	609.7	280.7	128.6	161.70000000000002	753.0	960.8000000000001	779.6	1033.7	881.6	803.7	922.1	879.0	1051.3	278164.0041	917.000014	679.90001
284	278956.10000000003	823.5	816.9000000000001	126.0	298.3	538.5	659.0	697.5	525.2	280.90000000000003	162.5	169.9	653.6	860.8000000000001	688.5	934.5	816.1	708.4000000000001	828.9000000000001	782.9000000000001	961.6	279081.0042	826.900012	582.400008
285	279779.60000000003	858.3000000000001	876.9000000000001	129.3	308.0	584.2	704.9000000000001	729.0	550.3000000000001	278.40000000000003	157.9	163.3	695.0	910.9000000000001	732.2	973.4000000000001	852.9000000000001	747.5	868.2	799.0	956.8000000000001	279907.9042	832.900012	618.000009
286	280637.9	659.6	677.4000000000001	104.0	261.8	391.20000000000005	506.70000000000005	555.6	397.8	292.7	172.0	181.9	477.70000000000005	755.3000000000001	597.5	770.4000000000001	649.7	573.1	688.6	594.1	769.0	280740.8042	672.00001	469.000007
287	281297.5	780.7	749.8000000000001	116.4	291.3	477.8	592.9	664.3000000000001	489.40000000000003	286.2	170.70000000000002	199.70000000000002	581.0	833.1	658.2	867.2	751.7	677.5	792.6	712.7	895.3000000000001	281412.8042	796.100012	561.000009
288	282078.2	944.9000000000001	949.6	131.70000000000002	314.3	663.2	788.7	813.2	630.6	272.0	156.9	168.8	776.1	986.7	804.1	1048.1000000000001	933.0	832.0	957.5	904.9000000000001	1064.1000000000001	282208.9042	941.900014	700.200011
289	283023.10000000003	1080.5	1053.7	128.8	288.0	790.0	906.9000000000001	951.7	792.5	286.40000000000003	160.9	173.5	907.0	1098.4	939.2	1193.4	1067.9	963.5	1080.4	1041.7	1210.5	283150.8042	1086.400016	834.600013
290	284103.60000000003	1114.3	1150.9	134.70000000000002	303.5	860.9000000000001	978.3000000000001	979.6	810.8000000000001	263.7	146.8	146.70000000000002	967.6	1162.9	994.1	1231.3000000000002	1114.4	1007.6	1125.0	1111.5	1269.5	284237.2042	1123.500017	872.800013
291	285217.9	978.8000000000001	937.8000000000001	143.9	301.90000000000003	677.5	797.5	834.9000000000001	676.9000000000001	290.0	172.60000000000002	183.3	795.5	977.2	819.2	1085.5	968.1	860.8000000000001	980.8000000000001	924.4000000000001	1071.8	285360.7043	963.900015	716.800011
292	286196.7	961.2	1029.6000000000001	128.9	276.3	714.6	827.0	832.3000000000001	684.9000000000001	260.3	140.3	142.3	818.9000000000001	1043.0	895.6	1079.2	959.2	856.9000000000001	969.3000000000001	949.9000000000001	1120.9	286324.6043	963.200014	727.70001
293	287157.9	839.8000000000001	824.9000000000001	131.0	302.0	518.3000000000001	635.9000000000001	708.8000000000001	537.8000000000001	315.0	202.60000000000002	210.70000000000002	629.1	904.6	733.6	944.1	831.7	729.0	846.6	742.4000000000001	916.0	287287.8043	822.100012	598.000009
294	287997.7	725.1	707.7	113.30000000000001	286.90000000000003	422.6	538.2	611.8000000000001	438.20000000000005	306.6	189.0	195.8	529.3000000000001	790.2	616.6	835.9000000000001	718.3000000000001	618.4000000000001	734.0	637.4000000000001	808.4000000000001	288109.9043	719.900011	505.000008
295	288722.8	979.9000000000001	981.6	108.10000000000001	279.1	686.5	807.7	871.8000000000001	700.8000000000001	285.1	169.5	178.4	801.5	1051.9	880.9000000000001	1086.6000000000001	971.0	864.9000000000001	986.1	935.2	1116.6000000000001	288829.8043	1005.600015	756.700011
296	289702.7	1132.8	1102.2	133.70000000000002	315.1	839.5	956.0	999.1	817.7	295.1	173.9	180.10000000000002	952.7	1148.6000000000001	967.2	1247.8000000000002	1126.6000000000001	1019.6	1136.1000000000001	1093.9	1251.4	289835.4043	1140.300017	885.700013
297	290835.5	1121.7	1148.4	141.20000000000002	298.7	850.2	968.6	980.5	823.0	262.7	146.20000000000002	149.5	972.2	1156.7	999.2	1234.9	1118.4	999.7	1118.1000000000001	1100.1000000000001	1266.4	290975.7043	1108.400016	858.300013
298	291957.2	1039.0	1015.3000000000001	127.9	294.2	749.8000000000001	866.2	911.1	744.8000000000001	298.2	179.8	176.20000000000002	862.8000000000001	1063.6000000000001	897.3000000000001	1161.0	1042.6000000000001	926.0	1042.4	1008.0	1199.0	292084.1044	1056.100016	798.000012
299	292996.2	935.2	942.0	145.20000000000002	336.20000000000005	672.0	791.5	790.0	599.0	265.5	149.1	152.5	782.7	949.3000000000001	758.3000000000001	1048.2	931.8000000000001	824.5	944.0	902.7	1067.1000000000001	293140.2044	910.200014	679.30001
