#burst	Time	Periodo Hlp(ms)	Periodo Hpd(ms)	Intervalo HlpFSlp(ms)	Intervalo HlpLSlp(ms)	Intervalo HpdFSpd(ms)	Intervalo HpdLSpd(ms)	Intervalo FSlpHlp(ms)	Intervalo LSlpHlp(ms)	Intervalo FSpdHpd(ms)	Intervalo LSpdHpd(ms)	Intervalo HlpHpd(ms)	Intervalo HpdHlp(ms)	Intervalo FSlpHpd(ms)	Intervalo LSlpHpd(ms)	Intervalo FSpdHlp(ms)	Intervalo LSpdHlp(ms)	Intervalo HlpFSpd(ms)	Intervalo HlpLSpd(ms)	Intervalo HpdFSlp(ms)	Intervalo HpdLSlp(ms)	t1LP	fst2fstLP	LPPD1spkperiod
0	587043.9	1100.0	1122.4	146.3	308.70000000000005	819.2	939.0	953.7	791.3000000000001	305.5	186.4	187.0	913.0	1163.1000000000001	1000.7	1218.5	1099.4	1006.2	1126.0	1077.8	1259.0	587189.2088	1118.300016	859.500013
1	588143.9	1059.6000000000001	993.0	164.8	346.0	731.1	853.5	894.8000000000001	713.6	303.2	183.4	209.4	850.2	1037.6000000000001	856.4000000000001	1153.4	1033.6000000000001	940.5	1062.9	980.4000000000001	1141.7	588307.5088	1025.100016	775.600012
2	589203.5	1021.4000000000001	1050.3	130.20000000000002	291.5	765.7	886.3000000000001	891.2	729.9000000000001	261.90000000000003	139.5	142.8	878.6	1062.9	901.6	1140.5	1018.1	908.5	1029.1000000000001	1009.8000000000001	1178.3	589332.6088	1022.400015	778.100011
3	590224.9	764.9000000000001	771.8000000000001	131.20000000000002	299.7	488.1	604.9	633.7	465.20000000000005	284.6	164.0	171.70000000000002	593.2	812.3000000000001	643.8000000000001	877.8000000000001	757.2	659.8000000000001	776.6	711.5	909.4000000000001	590355.0088	752.000011	528.400008
4	590989.8	757.7	797.8000000000001	118.30000000000001	316.20000000000005	473.40000000000003	590.4	639.4000000000001	441.5	283.7	166.9	178.60000000000002	579.1	858.1	660.2	862.8000000000001	746.0	652.0	769.0	687.0	878.8000000000001	591107.0088	747.300011	533.600008
5	591747.5	788.1	740.1	107.9	299.7	456.8	580.4	680.2	488.40000000000003	324.40000000000003	207.4	218.70000000000002	569.4	850.9000000000001	659.1	893.8000000000001	776.8000000000001	675.5	799.1	697.4000000000001	846.7	591854.3088	808.200012	567.500009
6	592535.6	1051.2	1060.9	128.0	277.3	763.4000000000001	890.6	923.2	773.9000000000001	283.3	159.70000000000002	170.70000000000002	880.5	1103.6000000000001	954.3000000000001	1163.8	1040.2	934.1	1061.3	1012.4000000000001	1171.9	592662.5088	1055.100016	805.900012
7	593586.8	1014.6	1034.9	131.9	291.40000000000003	730.6	858.5	882.7	723.2	297.5	170.3	180.4	834.2	1083.4	923.9000000000001	1131.7	1004.5	911.0	1038.9	989.0	1166.4	593717.6088	1037.500016	778.900012
8	594601.4	1079.7	1066.0	154.8	332.20000000000005	748.1	877.7	924.9000000000001	747.5	304.3	176.4	200.70000000000002	879.0	1111.9	934.5	1183.3	1055.4	948.8000000000001	1078.4	1014.3000000000001	1192.4	594755.1089	1060.300015	793.700011
9	595681.1	1065.3	1046.5	135.3	313.40000000000003	764.8000000000001	889.1	930.0	751.9000000000001	317.90000000000003	188.3	187.0	878.3000000000001	1098.2	920.1	1196.2	1066.6000000000001	951.8000000000001	1076.1000000000001	1005.7	1192.1000000000001	595815.4089	1057.300016	816.300013
10	596746.4	1011.2	1008.8000000000001	127.4	313.8	719.5	845.9000000000001	883.8000000000001	697.4000000000001	281.7	157.4	168.20000000000002	843.0	1049.6000000000001	863.2	1124.7	1000.4000000000001	887.7	1014.1	965.9000000000001	1158.3	596872.7089	1006.800015	760.000011
11	597757.6	928.0	982.5	122.9	315.3	650.8000000000001	769.2	805.1	612.7	289.3	162.9	165.8	762.2	1025.4	833.0	1051.5	925.1	816.6	935.0	888.9000000000001	1044.4	597879.5089	931.700014	693.50001
12	598685.6	708.6	722.3000000000001	126.7	282.2	381.90000000000003	495.70000000000005	581.9	426.40000000000003	331.70000000000005	213.3	220.3	488.3	815.9000000000001	660.4000000000001	820.0	701.6	602.2	716.0	593.5	753.1	598811.2089	687.10001	475.300007
13	599394.2000000001	734.7	679.7	105.2	264.8	399.40000000000003	518.9	629.5	469.90000000000003	340.40000000000003	226.60000000000002	234.0	500.70000000000005	808.5	648.9000000000001	841.1	727.3000000000001	633.4000000000001	752.9000000000001	638.4000000000001	829.0	599498.3089	767.200012	528.000008
14	600128.9	969.6	931.4000000000001	137.70000000000002	328.3	668.0	790.8000000000001	831.9000000000001	641.3000000000001	280.3	160.8	179.0	790.6	972.7	782.1	1070.9	951.4000000000001	847.0	969.8000000000001	921.3000000000001	1099.0	600265.5089	962.600014	709.20001
15	601098.5	1062.3	1103.4	130.70000000000002	308.40000000000003	825.0	941.9000000000001	931.6	753.9000000000001	263.40000000000003	140.6	140.8	921.5	1113.5	935.8000000000001	1184.9	1062.1000000000001	965.8000000000001	1082.7	1089.8	1248.8000000000002	601228.109	1100.000016	834.900012
16	602160.8	1077.1000000000001	1115.6000000000001	168.3	327.3	776.4000000000001	902.2	908.8000000000001	749.8000000000001	278.40000000000003	161.5	181.9	895.2	1129.2	970.2	1173.6000000000001	1056.7	958.3000000000001	1084.1000000000001	1035.9	1194.6000000000001	602328.109	1049.300016	789.700012
17	603237.9	1144.0	1121.5	140.70000000000002	299.40000000000003	793.5	914.5	1003.3000000000001	844.6	339.20000000000005	213.4	220.4	923.6	1201.2	1042.5	1262.8000000000002	1137.0	1013.9000000000001	1134.9	1050.5	1237.1000000000001	603377.409	1130.300017	873.100013
18	604381.9	1000.8000000000001	982.3000000000001	126.9	313.5	687.3000000000001	809.0	873.9000000000001	687.3000000000001	328.0	207.0	197.9	802.9000000000001	1053.3	866.7	1130.9	1009.9000000000001	885.2	1006.9000000000001	940.7	1120.8	604507.709	1011.700015	758.100011
19	605382.7000000001	937.4000000000001	939.6	137.8	317.90000000000003	646.7	765.0	799.6	619.5	295.0	173.3	179.4	758.0	981.2	801.1	1053.0	931.3000000000001	826.1	944.4000000000001	874.1	1026.6000000000001	605519.409	915.700014	688.10001
20	606320.1	749.7	728.5	116.10000000000001	268.6	455.0	574.6	633.6	481.1	292.90000000000003	174.60000000000002	181.60000000000002	568.1	794.0	641.5	861.0	742.7	636.6	756.2	670.0	843.1	606435.109	735.400011	520.400007
21	607069.8	845.3000000000001	867.1	101.9	275.0	575.4	691.9000000000001	743.4000000000001	570.3000000000001	273.5	153.9	160.4	684.9000000000001	925.6	752.5	958.4000000000001	838.8000000000001	735.8000000000001	852.3000000000001	823.0	974.1	607170.509	881.600013	633.800009
22	607915.1	1059.1000000000001	1061.0	138.1	289.2	760.9000000000001	883.8000000000001	921.0	769.9000000000001	291.7	175.20000000000002	182.20000000000002	876.9000000000001	1105.1000000000001	954.0	1168.6000000000001	1052.1000000000001	943.1	1066.0	1013.0	1177.9	608052.1091	1057.100015	804.800012
23	608974.2000000001	1075.7	1040.5	136.1	301.0	778.4000000000001	897.7	939.6	774.7	300.1	177.20000000000002	184.10000000000002	891.6	1088.5	923.6	1191.7	1068.8	962.5	1081.8	1030.5	1225.1000000000001	609109.2091	1078.500017	826.200013
24	610049.9	1090.0	1166.5	138.9	333.5	831.0	949.0	951.1	756.5	262.1	142.8	148.9	941.1	1176.5	981.9000000000001	1203.2	1083.9	979.9000000000001	1097.9	1083.0	1243.1000000000001	610187.7091	1093.000016	840.900012
25	611139.9	919.2	860.6	141.9	302.0	582.4	702.7	777.3000000000001	617.2	335.5	217.5	225.4	693.8000000000001	944.1	784.0	1029.3	911.3000000000001	807.8000000000001	928.1	819.6	994.6	611280.7091	903.200013	665.80001
26	612059.1	914.2	934.6	125.80000000000001	300.8	634.2	753.0	788.4000000000001	613.4	278.2	157.9	166.8	747.4000000000001	975.6	800.6	1025.6000000000001	905.3000000000001	801.0	919.8000000000001	868.9000000000001	1040.9	612183.9091	909.800014	675.00001
27	612973.3	758.0	760.6	121.5	293.5	462.8	580.8000000000001	636.5	464.5	300.40000000000003	181.60000000000002	187.20000000000002	570.8000000000001	826.3000000000001	654.3000000000001	871.2	752.4000000000001	650.0	768.0	674.1	847.5	613093.7091	739.800011	528.300008
28	613731.3	682.7	671.8000000000001	103.30000000000001	276.7	386.1	503.40000000000003	579.4	406.0	297.8	179.8	189.8	492.90000000000003	758.3000000000001	584.9	790.7	672.7	575.9	693.2	593.2	770.3000000000001	613833.5091	679.60001	472.400007
29	614414.0	732.9000000000001	763.6	100.30000000000001	277.40000000000003	439.0	554.6	632.6	455.5	285.7	168.4	178.9	554.0	842.2	665.1	839.7	722.4000000000001	617.9000000000001	733.5	663.9000000000001	827.9000000000001	614513.1092	742.600011	517.600008
30	615146.9	831.9000000000001	812.0	109.9	273.90000000000003	506.40000000000003	629.9000000000001	722.0	558.0	324.6	209.0	209.60000000000002	622.3000000000001	911.7	747.7	946.9000000000001	831.3000000000001	716.0	839.5	735.3000000000001	928.0	615255.7092	835.000012	605.900009
31	615978.8	1014.8000000000001	972.8000000000001	113.0	305.7	717.4000000000001	832.1	901.8000000000001	709.1	305.6	182.10000000000002	189.70000000000002	825.1	1049.5	856.8000000000001	1130.7	1007.2	907.1	1021.8000000000001	962.5	1120.1000000000001	616090.7092	1039.200016	793.900012
32	616993.6	920.9000000000001	927.5	137.4	295.0	661.5	780.5	783.5	625.9000000000001	255.4	140.70000000000002	147.70000000000002	773.2	937.8000000000001	780.2	1028.6000000000001	913.9000000000001	809.2	928.2	891.8000000000001	1059.0	617129.9092	902.000013	671.60001
33	617914.5	836.6	846.5	118.60000000000001	285.8	571.3000000000001	689.0	718.0	550.8000000000001	266.0	147.0	154.3	682.3000000000001	882.2	715.0	948.3000000000001	829.3000000000001	725.6	843.3000000000001	805.7	982.4000000000001	618031.9092	841.600013	606.900009
34	618751.1	879.3000000000001	890.8000000000001	123.4	300.1	605.6	725.7	755.9000000000001	579.2	275.2	157.5	164.20000000000002	715.1	931.6	754.9000000000001	990.3000000000001	872.6	769.8000000000001	889.9000000000001	830.2	1014.5	618873.5092	870.900013	646.20001
35	619630.4	701.6	736.5	115.10000000000001	299.40000000000003	413.20000000000005	529.0	586.5	402.20000000000005	285.2	165.10000000000002	175.70000000000002	525.9	797.1	612.8000000000001	811.1	691.0	588.9	704.7	625.9000000000001	795.5	619744.4092	686.50001	473.700007
36	620332.0	659.0	608.1	100.0	269.6	340.3	460.20000000000005	559.0	389.40000000000003	323.3	207.5	210.60000000000002	448.40000000000003	718.7	549.1	771.7	655.9000000000001	550.9	670.8000000000001	549.4	732.3000000000001	620430.9092	660.00001	450.800007
37	620991.0	798.6	807.5	101.0	283.90000000000003	523.0	641.9000000000001	697.6	514.7	267.8	147.9	159.70000000000002	638.9000000000001	866.2	683.3000000000001	906.7	786.8000000000001	682.7	801.6	759.5	918.3000000000001	621090.9093	818.300012	581.500009
38	621789.6	1003.2	992.3000000000001	120.60000000000001	279.40000000000003	716.3000000000001	838.6	882.6	723.8000000000001	284.5	165.60000000000002	168.60000000000002	834.6	1040.3	881.5	1119.1000000000001	1000.2	884.9000000000001	1007.2	981.9000000000001	1134.0	621909.2093	1029.800016	764.000012
39	622792.8	1017.6	1048.3	147.3	299.40000000000003	745.6	866.7	870.3000000000001	718.2	276.0	153.70000000000002	157.70000000000002	859.9000000000001	1058.7	906.6	1135.9	1013.6	903.3000000000001	1024.4	1002.3000000000001	1181.9	622939.0093	1012.700015	755.800011
40	623810.4	1006.5	1012.9000000000001	142.4	322.0	702.7	826.5	864.1	684.5	302.7	181.60000000000002	188.4	818.1	1058.9	879.3000000000001	1120.8	999.7	891.1	1014.9000000000001	964.1	1140.8	623951.7093	1010.100015	748.500011
41	624816.9	1070.8	1041.1000000000001	146.0	322.70000000000005	781.2	897.9000000000001	924.8000000000001	748.1	310.20000000000005	186.4	194.8	876.0	1089.9	913.2	1186.2	1062.4	976.0	1092.7	1033.1000000000001	1207.2	624961.8093	1081.800016	829.700012
42	625887.7000000001	1042.0	1043.9	157.10000000000002	331.20000000000005	759.5	879.5	884.9000000000001	710.8000000000001	259.90000000000003	143.20000000000002	165.10000000000002	876.9000000000001	1051.9	877.8000000000001	1136.8	1020.1	924.6	1044.6000000000001	1004.7	1164.0	626043.6093	1012.800015	767.400011
43	626929.7000000001	986.1	995.0	127.80000000000001	287.1	685.4000000000001	805.5	858.3000000000001	699.0	284.40000000000003	164.4	167.0	819.1	1034.2	874.9000000000001	1103.5	983.5	852.4000000000001	972.5	926.2	1122.4	627056.4093	965.400014	724.500011
44	627915.8	752.7	722.0	107.10000000000001	303.3	467.1	581.3000000000001	645.6	449.40000000000003	309.6	189.5	175.9	576.8000000000001	790.8000000000001	594.6	886.4000000000001	766.3000000000001	643.0	757.2	686.2	886.9000000000001	628021.8094	755.000012	535.800008
45	628668.5	732.2	767.9000000000001	109.4	310.1	469.1	590.5	622.8000000000001	422.1	254.9	140.70000000000002	145.20000000000002	587.0	803.7	603.0	841.9000000000001	727.7	614.3000000000001	735.7	694.5	879.1	628776.8094	730.40001	504.700007
46	629400.7000000001	1014.9000000000001	1020.6	107.5	292.1	724.6	843.6	907.4000000000001	722.8000000000001	298.8	177.4	180.9	834.0	1094.0	909.4000000000001	1132.8	1011.4000000000001	905.5	1024.5	972.5	1139.5	629507.2094	1045.800016	797.800012
47	630415.6000000001	1092.8	1058.2	138.5	305.5	790.9000000000001	911.8000000000001	954.3000000000001	787.3000000000001	296.0	177.0	186.60000000000002	906.2	1106.3	939.3000000000001	1202.2	1083.2	977.5	1098.4	1049.6000000000001	1211.5	630553.0094	1097.700016	838.800012
48	631508.4	1059.8	1094.1000000000001	143.4	305.3	790.8000000000001	911.2	916.4000000000001	754.5	267.3	146.4	152.0	907.8000000000001	1102.7	940.8000000000001	1175.1000000000001	1054.2	942.8000000000001	1063.2	1046.7	1203.0	631650.7094	1055.400016	799.200012
49	632568.2000000001	1106.6000000000001	1118.8	138.9	295.2	809.2	928.7	967.7	811.4000000000001	303.3	182.9	186.3	920.3000000000001	1166.2	1009.9000000000001	1223.6000000000001	1103.2	995.5	1115.0	1066.1000000000001	1238.3000000000002	632706.1094	1113.400017	856.400013
50	633674.8	1001.2	1035.4	145.8	318.0	684.8000000000001	814.0	855.4000000000001	683.2	309.6	190.10000000000002	198.5	802.7	1088.1000000000001	915.9000000000001	1112.3	992.8000000000001	883.3000000000001	1012.5	946.7	1112.5	633819.5094	999.400015	737.300011
51	634676.0	999.1	988.8000000000001	144.0	309.8	658.1	775.8000000000001	855.1	689.3000000000001	350.6	221.4	232.70000000000002	766.4000000000001	1077.5	911.7	1117.0	987.8000000000001	890.8000000000001	1008.5	876.1	1043.4	634818.9095	964.900014	746.600011
52	635675.1000000001	758.1	728.4000000000001	109.7	277.0	429.40000000000003	547.6	648.4000000000001	481.1	330.70000000000005	213.0	222.4	535.7	841.1	673.8000000000001	866.4000000000001	748.7	651.8000000000001	770.0	660.7	833.8000000000001	635783.8095	773.300011	541.900008
53	636433.2000000001	874.0	878.7	125.0	298.1	569.3000000000001	689.5	749.0	575.9	299.0	180.8	192.70000000000002	681.3000000000001	946.4000000000001	773.3000000000001	980.3000000000001	862.1	762.0	882.2	812.5	1001.7	636557.1095	880.200014	636.80001
54	637307.2000000001	906.6	870.5	131.20000000000002	320.40000000000003	596.4	717.5	775.4000000000001	586.2	309.40000000000003	189.20000000000002	197.4	709.2	936.7	747.5	1018.6	898.4000000000001	793.8000000000001	914.9000000000001	828.8000000000001	1019.0	637437.3095	895.000013	662.500009
55	638213.8	933.2	963.6	119.60000000000001	309.8	659.6	779.6	813.6	623.4000000000001	274.1	153.0	161.3	771.9000000000001	1005.3000000000001	815.1	1046.0	924.9000000000001	820.9000000000001	940.9000000000001	896.9000000000001	1065.3	638332.3095	938.600014	701.10001
56	639147.0	871.8000000000001	835.3000000000001	125.0	293.40000000000003	571.2	688.9000000000001	746.8000000000001	578.4	304.0	184.0	191.70000000000002	680.1	902.0	733.6	984.1	864.1	762.9000000000001	880.6	798.1	993.4000000000001	639270.9095	865.000013	637.800009
57	640018.8	767.9000000000001	762.5	118.0	313.3	499.70000000000005	617.6	649.9000000000001	454.6	264.1	146.4	155.20000000000002	612.7	799.7	604.4	876.8000000000001	759.1	654.9000000000001	772.8000000000001	710.7	889.8000000000001	640135.9095	747.700011	536.600008
58	640786.7000000001	747.0	816.1	98.0	277.1	498.0	611.4	649.0	469.90000000000003	262.8	144.9	149.8	597.2	867.9000000000001	688.8000000000001	860.0	742.1	647.8000000000001	761.2	707.0	885.8000000000001	640883.6096	758.900011	549.600008
59	641533.7000000001	731.3000000000001	666.3000000000001	109.80000000000001	288.6	404.5	524.6	621.5	442.70000000000005	318.1	204.70000000000002	218.9	512.4	775.4000000000001	596.6	830.5	717.1	623.4000000000001	743.5	630.1	797.4000000000001	641642.5096	739.000011	513.400008
60	642265.0	968.2	995.8000000000001	117.7	285.0	704.2	825.3000000000001	850.5	683.2	261.8	141.70000000000002	153.9	814.3000000000001	1032.0	864.7	1076.1000000000001	956.0	858.1	979.2	954.0	1099.3	642381.5096	990.300015	740.300011
61	643233.2000000001	1033.3	1041.4	139.70000000000002	285.0	731.0	859.7	893.6	748.3000000000001	291.6	170.5	181.5	851.8000000000001	1083.2	937.9000000000001	1143.4	1022.3000000000001	912.5	1041.2	991.7	1166.3	643371.8096	1033.500015	772.700012
62	644266.5	1022.1	1010.9000000000001	139.9	314.5	743.8000000000001	861.7	882.2	707.6	310.40000000000003	181.70000000000002	189.60000000000002	832.5	1060.6000000000001	886.0	1142.9	1014.2	933.4000000000001	1051.3	1003.2	1162.6000000000001	644405.3096	1052.900016	793.300012
63	645288.6000000001	999.6	1008.4000000000001	170.70000000000002	330.1	705.5	830.5	828.9000000000001	669.5	267.1	149.20000000000002	178.4	821.2	1016.1	856.7	1088.3	970.4000000000001	883.9000000000001	1008.9000000000001	959.9000000000001	1130.8	645458.2096	967.500014	713.100011
64	646288.2000000001	944.9000000000001	966.2	138.70000000000002	309.6	642.7	766.7	806.2	635.3000000000001	302.90000000000003	177.9	187.20000000000002	757.7	1014.7	843.8000000000001	1060.6000000000001	935.6	829.9000000000001	953.9000000000001	889.4000000000001	1044.1000000000001	646425.7096	938.100014	691.000011
65	647233.1000000001	912.4000000000001	878.4000000000001	131.70000000000002	286.40000000000003	589.0	707.9000000000001	780.7	626.0	323.5	199.5	208.5	703.9000000000001	955.2	800.5	1027.4	903.4000000000001	797.5	916.4000000000001	816.3000000000001	994.7	647363.8096	892.900014	665.60001
66	648145.5	734.0	759.1	112.4	290.8	456.20000000000005	567.9	621.6	443.20000000000005	289.40000000000003	170.5	174.5	559.5	821.2	642.8000000000001	848.9000000000001	730.0	630.7	742.4000000000001	665.8000000000001	857.8000000000001	648256.7097	727.900011	518.300008
67	648879.5	865.7	840.1	106.30000000000001	298.3	551.6	672.8000000000001	759.4000000000001	567.4	302.90000000000003	191.20000000000002	199.60000000000002	666.1	933.4000000000001	741.4000000000001	969.0	857.3000000000001	751.2	872.4000000000001	801.7	951.7	648984.6097	895.100013	644.800009
68	649745.2000000001	1045.7	1058.6000000000001	135.6	285.6	760.1	878.6	910.1	760.1	288.5	167.3	174.0	871.7	1097.0	947.0	1160.2	1039.0	934.1	1052.6000000000001	1015.8000000000001	1187.1000000000001	649879.7097	1054.000016	798.300012
69	650790.9	1034.4	1053.9	144.1	315.40000000000003	736.4000000000001	856.4000000000001	890.3000000000001	719.0	298.5	180.0	186.9	847.5	1096.7	925.4000000000001	1146.0	1027.5	923.3000000000001	1043.3	984.8000000000001	1175.9	650933.7097	1027.900015	779.200011
70	651825.3	1120.4	1101.4	137.3	328.40000000000003	798.6	921.6	983.1	792.0	317.5	197.5	206.4	914.0	1170.5	979.4000000000001	1231.5	1111.5	1005.0	1128.0	1051.8	1217.2	651961.6097	1120.800017	867.500013
71	652945.7000000001	1059.5	1047.6000000000001	137.8	303.2	746.9000000000001	870.4000000000001	921.7	756.3000000000001	302.8	179.8	187.4	872.1	1097.2	931.8000000000001	1174.9	1051.9	934.3000000000001	1057.8	999.6	1172.1000000000001	653082.4097	1049.300015	796.300012
72	654005.2000000001	1018.9000000000001	1005.5	127.5	300.0	719.6	839.4000000000001	891.4000000000001	718.9000000000001	300.7	177.20000000000002	175.5	843.4000000000001	1053.5	881.0	1144.1000000000001	1020.6	895.1	1014.9000000000001	966.1	1154.0	654131.7097	1014.100015	767.400012
73	655024.1000000001	940.1	976.5	122.7	310.6	664.2	784.2	817.4000000000001	629.5	285.90000000000003	166.10000000000002	162.10000000000002	778.0	1015.9000000000001	828.0	1063.9	944.1	826.3000000000001	946.3000000000001	888.6	1057.2	655145.8098	927.900014	703.400011
74	655964.2000000001	686.1	680.8000000000001	110.60000000000001	279.2	382.3	498.1	575.5	406.90000000000003	312.3	192.3	198.5	487.6	768.7	600.1	799.9000000000001	679.9000000000001	580.8000000000001	696.6	592.1	789.6	656073.7098	680.10001	470.100007
75	656650.3	811.8000000000001	790.4000000000001	104.5	302.0	510.6	630.4000000000001	707.3000000000001	509.8	298.5	182.70000000000002	193.20000000000002	618.6	879.1	681.6	917.1	801.3000000000001	703.8000000000001	823.6	749.2	950.3000000000001	656753.8098	837.900013	598.900009
76	657462.1000000001	1087.4	1110.0	130.6	331.70000000000005	807.0	928.8000000000001	956.8000000000001	755.7	279.8	160.0	171.8	915.6	1151.2	950.1	1195.4	1075.6000000000001	978.8000000000001	1100.6000000000001	1064.0	1225.9	657591.7098	1105.000016	848.000013
77	658549.5	1019.7	1013.3000000000001	148.4	310.3	708.3000000000001	830.2	871.3000000000001	709.4000000000001	303.0	181.20000000000002	194.4	825.3000000000001	1059.3	897.4000000000001	1128.3	1006.5	902.7	1024.6000000000001	970.4000000000001	1132.6000000000001	658696.7098	1016.500015	754.300012
78	659569.2000000001	996.1	956.6	145.1	307.3	689.6	811.8000000000001	851.0	688.8000000000001	305.0	183.10000000000002	188.0	808.1	999.5	837.3000000000001	1113.1000000000001	991.2	877.6	999.8000000000001	944.4000000000001	1097.2	659713.2098	987.300015	732.300011
79	660565.3	924.0	958.8000000000001	136.3	289.1	664.4000000000001	785.9000000000001	787.7	634.9000000000001	267.0	144.8	148.5	775.5	971.0	818.2	1042.5	920.3000000000001	812.9000000000001	934.4000000000001	914.4000000000001	1069.0	660700.5098	926.600014	676.50001
80	661489.3	918.8000000000001	899.8000000000001	138.9	293.5	624.4000000000001	748.4000000000001	779.9000000000001	625.3000000000001	294.40000000000003	172.9	183.3	735.5	944.2	789.6	1029.9	908.4000000000001	807.7	931.7	859.3000000000001	1055.6000000000001	661627.1099	903.700013	668.70001
81	662408.1000000001	960.5	1011.0	123.80000000000001	320.1	683.6	804.3000000000001	836.7	640.4000000000001	275.40000000000003	151.4	164.3	796.2	1051.5	855.2	1071.6000000000001	947.6	847.9000000000001	968.6	912.7	1112.8	662530.8099	953.200015	723.900011
82	663368.6000000001	748.5	702.7	116.5	316.6	431.20000000000005	546.7	632.0	431.90000000000003	327.40000000000003	206.70000000000002	214.8	533.7	801.0	600.9	861.1	740.4000000000001	646.0	761.5	642.3000000000001	813.1	663484.0099	740.500011	529.400008
83	664117.1000000001	704.8000000000001	703.2	108.60000000000001	279.40000000000003	430.5	547.4	596.2	425.40000000000003	271.5	156.0	169.0	535.8000000000001	763.6	592.8000000000001	807.3000000000001	691.8000000000001	599.5	716.4000000000001	643.2	800.1	664224.5099	703.70001	490.900007
84	664821.9	900.6	882.4000000000001	107.4	264.3	620.7	736.5	793.2	636.3000000000001	272.7	155.8	167.4	733.2	942.4000000000001	785.5	1005.9000000000001	889.0	788.1	903.9000000000001	868.3000000000001	1010.8000000000001	664928.2099	928.400014	680.50001
85	665722.5	925.6	940.1	135.1	277.6	663.1	782.6	790.5	648.0	261.7	145.9	149.20000000000002	776.4000000000001	954.2	811.7	1038.1000000000001	922.3000000000001	812.3000000000001	931.8000000000001	904.5	1107.7	665856.6099	918.700014	676.90001
86	666648.1000000001	880.5	883.9000000000001	128.1	331.3	603.7	725.0	752.4000000000001	549.2	277.0	157.5	163.70000000000002	716.8000000000001	919.5	716.3000000000001	993.8000000000001	874.3000000000001	767.4000000000001	888.7	847.5	994.0	666775.3099	883.000013	638.900009
87	667528.6000000001	1068.0	1048.3	130.70000000000002	277.2	789.8000000000001	909.3000000000001	937.3000000000001	790.8000000000001	280.2	158.9	167.10000000000002	900.9000000000001	1084.7	938.2	1181.1000000000001	1059.8	956.9000000000001	1076.4	1042.2	1211.0	667658.3099	1078.500016	826.000012
88	668596.6000000001	1019.5	1042.4	141.3	310.1	757.7	879.6	878.2	709.4000000000001	258.5	139.0	147.4	872.1	1048.5	879.7	1130.6000000000001	1011.1	905.1	1027.0	1005.8000000000001	1197.8	668736.81	1011.900015	763.700011
89	669616.1000000001	1052.0	1039.3	133.70000000000002	325.70000000000005	770.0	886.8000000000001	918.3000000000001	726.3000000000001	284.7	162.8	170.3	881.7	1075.9	883.9000000000001	1166.4	1044.5	940.3000000000001	1057.1000000000001	1024.9	1191.8	669748.71	1061.500016	806.500012
90	670668.1000000001	1053.0	1076.8	143.20000000000002	310.1	779.2	904.4000000000001	909.8000000000001	742.9000000000001	269.3	152.5	157.60000000000002	895.4000000000001	1091.2	924.3000000000001	1164.7	1047.9	936.8000000000001	1062.0	1030.6000000000001	1205.0	670810.21	1045.000015	793.400012
91	671721.1000000001	999.1	996.4000000000001	135.20000000000002	309.6	697.9000000000001	814.7	863.9000000000001	689.5	297.6	172.4	181.4	817.7	1042.6000000000001	868.2	1115.3	990.1	879.3000000000001	996.1	943.5	1159.6000000000001	671855.21	989.800015	743.900012
92	672720.2000000001	1042.2	1006.2	125.80000000000001	341.90000000000003	754.2	876.5	916.4000000000001	700.3000000000001	298.5	181.70000000000002	178.70000000000002	863.5	1059.1000000000001	843.0	1162.0	1045.2	932.9000000000001	1055.2	1014.0	1194.8	672845.01	1066.800016	806.800012
93	673762.4	1084.3	1084.0	150.5	331.3	824.8000000000001	945.2	933.8000000000001	753.0	252.0	129.70000000000002	142.70000000000002	941.6	1076.2	895.4000000000001	1193.6000000000001	1071.3	967.5	1087.9	1100.5	1283.5	673911.81	1092.700016	816.800012
94	674846.7000000001	1198.3	1241.8000000000002	158.9	341.90000000000003	928.5	1059.6000000000001	1039.4	856.4000000000001	259.2	138.8	142.4	1055.9	1225.3	1042.3	1315.1000000000001	1194.7	1070.9	1202.0	1197.0	1388.4	675004.5101	1180.500018	911.900014
95	676045.0	1114.3	1116.2	141.1	332.5	807.5	935.3000000000001	973.2	781.8000000000001	313.3	182.20000000000002	185.9	928.4000000000001	1161.0	969.6	1241.7	1110.6000000000001	993.4000000000001	1121.2	1073.0	1234.7	676185.0101	1117.800017	852.100013
96	677159.3	1051.2	1044.5	144.6	306.3	756.8000000000001	878.0	906.6	744.9000000000001	308.70000000000005	180.9	187.8	863.4000000000001	1087.7	926.0	1172.1000000000001	1044.3	944.6	1065.8	1008.6	1205.4	677302.8101	1051.800015	799.800012
97	678210.5	935.2	927.9000000000001	145.20000000000002	342.0	623.6	741.3000000000001	790.0	593.2	287.7	166.5	181.10000000000002	754.1	963.8000000000001	767.0	1041.8	920.6	804.7	922.4000000000001	840.0	1014.2	678354.6101	875.900013	659.30001
98	679145.7000000001	728.1	727.6	85.9	260.1	443.40000000000003	561.2	642.2	468.0	304.3	186.60000000000002	173.8	554.3000000000001	815.5	641.3000000000001	858.6	740.9000000000001	617.2	735.0	662.6	851.0	679230.5101	750.400012	531.000008
99	679873.8	813.1	858.3000000000001	108.30000000000001	296.7	529.6	651.6	704.8000000000001	516.4	284.2	166.4	173.3	639.8000000000001	923.3000000000001	734.9000000000001	924.0	806.2	702.9000000000001	824.9000000000001	780.0	948.4000000000001	679980.9101	845.100012	594.600008
100	680686.9	1244.4	1181.1000000000001	140.20000000000002	308.6	917.0	1033.7	1104.2	935.8000000000001	328.70000000000005	206.70000000000002	218.5	1025.9	1259.4	1091.0	1354.6000000000001	1232.6000000000001	1135.5	1252.2	1176.5	1356.0	680826.0101	1254.800019	995.100015
101	681931.3	1112.9	1157.3	150.6	330.1	843.7	969.8000000000001	962.3000000000001	782.8000000000001	264.1	147.4	155.20000000000002	957.7	1161.9	982.4000000000001	1221.8	1105.1000000000001	998.9000000000001	1125.0	1112.6000000000001	1289.4	682080.8102	1117.200016	848.200012
102	683044.2000000001	1214.0	1218.3	154.9	331.70000000000005	905.0	1027.1000000000001	1059.1000000000001	882.3000000000001	313.6	187.5	199.60000000000002	1014.4000000000001	1263.0	1086.2	1328.0	1201.9	1104.6000000000001	1226.7	1169.3	1357.5	683198.0102	1213.900019	949.400015
103	684258.2000000001	1179.7	1185.9	154.9	343.1	850.6	970.9000000000001	1024.8	836.6	313.3	191.20000000000002	203.9	975.8000000000001	1234.9	1046.7	1289.1000000000001	1167.0	1054.5	1174.8	1102.5	1305.4	684411.9102	1151.600017	899.600013
104	685437.9	904.1	880.4000000000001	126.7	329.6	575.5	706.8000000000001	777.4000000000001	574.5	335.3	215.0	210.10000000000002	694.0	963.8000000000001	760.9000000000001	1029.3	909.0	785.6	916.9000000000001	833.4000000000001	987.0	685563.5102	916.800013	658.80001
105	686342.0	915.2	929.7	139.4	293.0	623.0	740.7	775.8000000000001	622.2	304.90000000000003	173.60000000000002	186.4	728.8000000000001	976.7	823.1	1033.7	902.4000000000001	809.4000000000001	927.1	855.4000000000001	1049.4	686480.3102	902.300014	669.90001
106	687257.2000000001	953.2	902.1	126.60000000000001	320.6	617.7	741.0	826.6	632.6	306.7	189.0	200.9	752.3000000000001	976.4000000000001	782.4000000000001	1059.0	941.3000000000001	818.6	941.9000000000001	861.3000000000001	1049.8	687382.6102	935.700014	691.90001
107	688210.4	921.7	931.7	109.0	297.5	664.2	778.2	812.7	624.2	284.40000000000003	161.10000000000002	149.8	771.9000000000001	972.5	784.0	1056.3	933.0	814.0	928.0	895.0	1075.6000000000001	688318.3103	935.900014	704.80001
108	689132.1000000001	883.7	889.0	123.10000000000001	303.7	612.8000000000001	733.3000000000001	760.6	580.0	267.5	153.5	159.8	723.9000000000001	925.7	745.1	991.4000000000001	877.4000000000001	772.6	893.1	853.2	1019.5	689254.2103	889.900013	649.200009
109	690015.8	865.7	882.0	129.3	295.6	593.6	715.7	736.4000000000001	570.1	276.2	155.70000000000002	165.10000000000002	700.6	917.8000000000001	751.5	976.8000000000001	856.3000000000001	758.7	880.8000000000001	838.8000000000001	995.1	690144.1103	874.500013	629.200009
110	690881.5	1052.3	1059.3	138.20000000000002	294.5	752.8000000000001	877.9000000000001	914.1	757.8000000000001	288.40000000000003	166.3	181.4	870.9000000000001	1102.5	946.2	1159.3	1037.2	934.2	1059.3	1010.0	1181.3	691018.6103	1053.200016	795.900012
111	691933.8	1167.5	1180.3	139.1	310.40000000000003	869.7	994.0	1028.4	857.1	306.5	181.4	188.4	979.1	1229.6000000000001	1058.3	1285.6000000000001	1160.5	1058.1000000000001	1182.4	1127.8	1301.2	692071.8103	1177.000017	918.800013
112	693101.3	1141.2	1103.1000000000001	148.70000000000002	322.1	834.0	957.9000000000001	992.5	819.1	310.6	186.3	201.20000000000002	940.0	1155.6000000000001	982.2	1250.6000000000001	1126.3	1035.2	1159.1000000000001	1091.2	1254.1000000000001	693248.8103	1143.800017	886.400013
113	694242.5	991.1	1037.8	151.20000000000002	314.1	728.1	843.3000000000001	839.9000000000001	677.0	269.1	145.20000000000002	163.10000000000002	828.0	1049.7	886.8000000000001	1097.1000000000001	973.2	891.2	1006.4000000000001	954.2	1134.4	694392.6103	966.000015	739.800011
114	695233.6000000001	712.6	682.2	126.2	306.40000000000003	415.40000000000003	530.4	586.4	406.20000000000005	309.70000000000005	194.5	209.8	502.8	765.8000000000001	585.6	812.5	697.3000000000001	625.2	740.2	630.6	790.8000000000001	695358.6104	714.30001	498.900007
115	695946.2000000001	708.6	714.8000000000001	127.80000000000001	288.0	420.6	537.8000000000001	580.8000000000001	420.6	266.8	151.8	179.4	529.2	766.4000000000001	606.2	796.0	681.0	600.0	717.2	645.5	828.3000000000001	696072.9104	697.200011	472.100007
116	696654.8	959.5	915.9000000000001	116.30000000000001	299.1	660.1	782.0	843.2	660.4000000000001	294.2	177.0	185.60000000000002	773.9000000000001	985.2	802.4000000000001	1068.1000000000001	950.9000000000001	845.7	967.6	905.4000000000001	1061.7	696770.1104	974.600014	729.200011
117	697614.3	1018.9000000000001	1022.7	131.5	287.8	762.2	881.2	887.4000000000001	731.1	255.8	133.9	142.0	876.9000000000001	1033.2	876.9000000000001	1132.7	1010.8000000000001	904.2	1023.2	1015.6	1192.3	697744.7104	1026.100015	772.400012
118	698633.2000000001	1081.7	1138.5	138.70000000000002	315.40000000000003	823.9000000000001	943.1	943.0	766.3000000000001	260.5	141.5	145.8	935.9000000000001	1145.6000000000001	968.9000000000001	1196.4	1077.4	969.7	1088.9	1078.2	1251.3000000000002	698770.8104	1085.400017	830.700013
119	699714.9	1017.4000000000001	1024.5	142.3	315.40000000000003	706.4000000000001	828.0	875.1	702.0	314.6	195.4	202.60000000000002	814.8000000000001	1084.8	911.7	1129.4	1010.2	909.0	1030.6000000000001	947.6	1103.8	699856.2104	1007.700015	766.400011
120	700732.3	940.9000000000001	892.1	132.8	289.0	613.4	734.9000000000001	808.1	651.9000000000001	318.1	196.5	209.70000000000002	731.2	969.0	812.8000000000001	1049.3	927.7	823.1	944.6	847.2	1038.0	700863.9104	924.300013	690.30001
121	701673.2000000001	919.3000000000001	941.0	116.0	306.8	644.0	761.9000000000001	803.3000000000001	612.5	278.7	157.20000000000002	160.9	758.4000000000001	985.9000000000001	795.1	1037.1000000000001	915.6	804.9000000000001	922.8000000000001	877.4000000000001	1054.0	701788.2105	922.200014	688.700011
122	702592.5	979.4000000000001	922.1	119.0	295.6	675.3000000000001	793.8000000000001	860.4000000000001	683.8000000000001	297.0	179.10000000000002	182.60000000000002	796.8000000000001	985.7	809.1	1093.8	975.9000000000001	857.9000000000001	976.4000000000001	916.0	1097.8	702710.4105	979.700015	738.700011
123	703571.9	807.7	837.7	119.2	301.0	581.3000000000001	693.9000000000001	688.5	506.70000000000005	246.8	128.3	125.30000000000001	682.4000000000001	843.8000000000001	662.0	929.2	810.7	706.6	819.2	787.3000000000001	946.7	703690.1105	793.300012	587.200009
124	704379.6000000001	718.9000000000001	760.4000000000001	104.9	264.3	458.20000000000005	576.9	614.0	454.6	256.40000000000003	143.8	155.3	563.6	810.8000000000001	651.4000000000001	820.0	707.4000000000001	613.5	732.2	670.5	860.8000000000001	704483.4105	721.00001	508.500007
125	705098.5	729.7	682.7	106.9	297.2	429.8	542.6	622.8000000000001	432.5	302.2	183.5	196.8	532.9	772.6	582.3000000000001	835.1	716.4000000000001	626.6	739.4000000000001	643.7	821.5	705204.4105	733.500011	519.500008
126	705828.2000000001	886.1	907.3000000000001	110.80000000000001	288.6	632.1	749.2	775.3000000000001	597.5	252.9	140.1	149.8	736.3000000000001	946.3000000000001	768.5	989.2	876.4000000000001	781.9000000000001	899.0	863.9000000000001	1021.1	705937.9105	903.000014	671.00001
127	706714.3	958.0	981.3000000000001	127.60000000000001	284.8	674.6	793.8000000000001	830.4000000000001	673.2	275.2	158.10000000000002	171.0	787.0	1024.7	867.5	1062.2	945.1	845.6	964.8000000000001	909.2	1097.4	706840.9105	952.600014	717.70001
128	707672.3	938.1	933.5	122.2	310.40000000000003	637.3000000000001	757.0	815.9000000000001	627.7	306.7	187.5	194.3	743.8000000000001	1005.6	817.4000000000001	1050.5	931.3000000000001	831.6	951.3000000000001	870.3000000000001	1039.4	707793.5105	942.300014	709.100011
129	708610.4	865.8000000000001	839.3000000000001	126.5	295.6	568.0	683.2	739.3000000000001	570.2	296.2	176.5	189.70000000000002	676.1	902.5	733.4000000000001	972.3000000000001	852.6	757.7	872.9000000000001	801.2	994.6	708735.8106	864.400013	631.100009
130	709476.2000000001	1001.7	1043.7	125.10000000000001	318.5	733.2	849.2	876.6	683.2	271.3	156.10000000000002	163.20000000000002	838.5	1081.8	888.4000000000001	1109.8	994.6	896.4000000000001	1012.4000000000001	974.2	1166.1000000000001	709600.2106	1012.300015	771.100011
131	710477.9	1013.0	982.1	135.70000000000002	327.6	687.2	811.5	877.3000000000001	685.4000000000001	310.5	194.5	205.20000000000002	807.8000000000001	1051.6000000000001	859.7	1118.3	1002.3000000000001	892.4000000000001	1016.7	940.3000000000001	1083.2	710612.5106	1009.800015	756.600011
132	711490.9	1098.1000000000001	1067.1000000000001	132.5	275.40000000000003	812.0	931.1	965.6	822.7	294.90000000000003	170.60000000000002	174.3	923.8000000000001	1108.9	966.0	1218.7	1094.4	986.3000000000001	1105.4	1051.7	1225.2	711622.3106	1093.600016	853.500013
133	712589.0	1101.1000000000001	1129.1000000000001	127.9	301.40000000000003	840.3000000000001	959.2	973.2	799.7	255.10000000000002	136.0	143.3	957.8000000000001	1144.5	971.0	1212.9	1093.8	983.6	1102.5	1085.2	1247.9	712715.9106	1100.500017	855.500013
134	713690.1000000001	999.8000000000001	1000.6	127.4	290.1	715.5	835.4000000000001	872.4000000000001	709.7	288.8	169.9	171.3	828.5	1044.5	881.8000000000001	1117.3	998.4000000000001	886.8000000000001	1006.7	956.5	1117.0	713816.4106	1000.300015	759.200011
135	714689.9	787.0	795.9000000000001	128.0	288.5	511.1	628.4000000000001	659.0	498.5	285.1	165.20000000000002	172.10000000000002	614.9000000000001	840.0	679.5	900.0	780.1	683.2	800.5	737.3000000000001	909.2	714816.7107	781.400011	555.100008
136	715476.9	759.6	735.1	122.4	294.3	450.90000000000003	568.3000000000001	637.2	465.3	284.8	167.5	181.0	578.6	793.7	621.8000000000001	863.4000000000001	746.1	631.9000000000001	749.3000000000001	673.3000000000001	843.6	715598.1107	732.000011	509.500008
137	716236.5	961.3000000000001	991.9000000000001	94.7	265.0	691.6	816.6	866.6	696.3000000000001	284.2	166.8	156.5	804.8000000000001	1053.7	883.4000000000001	1089.0	971.6	848.1	973.1	947.2	1119.0	716330.1107	1008.900015	753.200011
138	717197.8	1164.0	1146.2	142.4	314.20000000000005	858.6	980.7	1021.6	849.8000000000001	300.3	175.3	187.10000000000002	976.9000000000001	1190.9	1019.1	1277.2	1152.2	1045.7	1167.8	1100.6000000000001	1265.2	717339.0107	1145.600017	903.200014
139	718361.8	1133.0	1124.9	123.7	288.3	844.6	973.9000000000001	1009.3000000000001	844.7	287.6	165.5	169.3	963.7	1170.5	1005.9000000000001	1251.3000000000002	1129.2	1013.9000000000001	1143.2	1117.2	1300.5	718484.6107	1162.600018	889.900014
140	719494.8	1198.0	1234.9	153.5	336.8	927.8000000000001	1046.3	1044.5	861.2	280.3	151.0	161.20000000000002	1036.8	1242.6000000000001	1059.3	1317.1000000000001	1187.8	1089.0	1207.5	1192.4	1361.2	719647.2107	1200.200017	935.400014
141	720692.8	1157.0	1142.4	155.60000000000002	324.40000000000003	843.6	961.7	1001.4000000000001	832.6	307.1	188.60000000000002	198.10000000000002	958.9000000000001	1184.9	1016.1	1266.0	1147.5	1041.7	1159.8	1094.9	1280.0	720847.4107	1137.200017	885.800014
142	721849.8	1060.8	1025.8	136.0	321.1	768.3000000000001	894.3000000000001	924.8000000000001	739.7	298.8	180.70000000000002	183.5	877.3000000000001	1073.3	888.2	1176.1000000000001	1058.0	951.8000000000001	1077.8	1018.6	1176.3	721984.6108	1066.300016	815.700013
143	722910.6000000001	799.4000000000001	813.2	141.3	299.0	537.1	652.2	658.1	500.40000000000003	257.5	131.5	148.5	650.9000000000001	820.4000000000001	662.7	908.4000000000001	782.4000000000001	685.6	800.7	754.1	936.5	723050.9108	761.200012	544.100008
144	723710.0	719.8000000000001	749.2	103.2	285.6	447.90000000000003	566.5	616.6	434.20000000000005	276.1	161.0	162.3	557.5	808.3000000000001	625.9000000000001	833.6	718.5	610.2	728.8000000000001	660.8000000000001	853.3000000000001	723812.1108	719.90001	506.800007
145	724429.8	932.6	932.4000000000001	103.30000000000001	295.8	635.3000000000001	753.0	829.3000000000001	636.8000000000001	301.3	182.70000000000002	191.70000000000002	740.9000000000001	1020.8000000000001	828.3000000000001	1042.2	923.6	827.0	944.7	887.3000000000001	1057.7	724532.0108	975.700015	723.400011
146	725362.4	1024.4	992.0	146.4	316.8	717.3000000000001	842.2	878.0	707.6	297.1	179.4	191.5	832.9000000000001	1037.1000000000001	866.7	1130.0	1012.3000000000001	908.8000000000001	1033.7	983.7	1158.9	725507.7108	1028.800015	762.200011
147	726386.8	1062.8	1091.1000000000001	150.8	326.0	789.6	914.1	912.0	736.8000000000001	274.7	149.8	159.10000000000002	903.7	1099.4	924.2	1178.4	1053.5	948.7	1073.2	1046.5	1222.0	726536.5108	1054.900016	797.600012
148	727449.6000000001	1200.9	1204.3	142.8	318.3	891.8000000000001	1017.4000000000001	1058.1000000000001	882.6	301.5	177.0	187.4	1013.5	1248.9	1073.4	1315.0	1190.5	1079.2	1204.8	1157.4	1321.1000000000001	727591.4108	1201.900018	936.200014
149	728650.5	1099.6000000000001	1069.9	143.9	307.6	797.4000000000001	919.5	955.7	792.0	312.5	186.9	190.8	908.8000000000001	1116.8	953.1	1221.3	1095.7	988.2	1110.3	1054.4	1244.5	728793.3109	1101.400016	844.200012
150	729750.1000000001	1064.4	1085.9	145.6	335.70000000000005	790.8000000000001	915.0	918.8000000000001	728.7	272.5	150.4	161.10000000000002	903.3000000000001	1101.4	911.3000000000001	1175.8	1053.7	951.9000000000001	1076.1000000000001	1042.9	1255.3000000000002	729894.7109	1058.300016	806.000012
151	730814.5	861.3000000000001	879.5	139.6	352.0	564.5	687.5	721.7	509.3	295.1	170.9	182.60000000000002	678.7	922.5	710.1	973.8000000000001	849.6	747.1	870.1	787.8000000000001	969.1	730953.0109	830.700012	607.400009
152	731675.8	718.7	703.4000000000001	109.10000000000001	290.40000000000003	411.70000000000005	527.6	609.6	428.3	315.0	192.0	200.8	517.9	795.1	613.8000000000001	832.9000000000001	709.9000000000001	612.5	728.4000000000001	622.4000000000001	795.6	731783.7109	714.100011	503.400008
153	732394.5	740.8000000000001	735.7	104.5	277.7	459.70000000000005	578.1	636.3000000000001	463.1	291.7	175.8	185.5	555.3000000000001	816.7	643.5	847.0	731.1	645.2	763.6	695.1	886.2	732497.8109	776.200012	540.600008
154	733135.3	1054.2	1015.4000000000001	139.8	330.90000000000003	762.9000000000001	884.4000000000001	914.4000000000001	723.3000000000001	276.0	157.60000000000002	180.4	873.8000000000001	1056.0	864.9000000000001	1149.8	1031.4	943.3000000000001	1064.8	1008.1	1183.6000000000001	733274.0109	1048.700015	803.300012
155	734189.5	1158.9	1179.8	134.3	309.8	909.3000000000001	1028.8	1024.6000000000001	849.1	252.5	131.0	141.6	1017.3000000000001	1187.1000000000001	1011.6	1269.8000000000002	1148.3	1050.9	1170.4	1163.5	1330.0	734322.7109	1170.800018	916.300014
156	735348.4	1097.6000000000001	1098.8	146.20000000000002	312.70000000000005	821.5	944.2	951.4000000000001	784.9000000000001	270.5	151.0	162.5	935.1	1115.1000000000001	948.6	1205.6000000000001	1086.1000000000001	984.0	1106.7	1083.2	1242.9	735493.511	1099.600016	837.600012
157	736446.0	1107.2	1138.0	148.1	307.8	811.0	937.1	959.1	799.4000000000001	277.3	154.60000000000002	163.70000000000002	943.5	1153.6000000000001	993.9000000000001	1220.8	1098.1000000000001	974.7	1100.8	1060.4	1266.3000000000002	736593.111	1075.900016	826.200012
158	737553.2000000001	1113.9	1141.6000000000001	116.9	322.8	801.3000000000001	923.0	997.0	791.1	327.0	200.9	194.5	919.4000000000001	1219.2	1013.3000000000001	1246.4	1120.3	995.8000000000001	1117.5	1059.4	1218.9	737669.011	1137.000017	878.700013
159	738667.1000000001	973.9000000000001	914.6	140.0	299.5	641.8000000000001	763.8000000000001	833.9000000000001	674.4000000000001	340.3	218.60000000000002	222.20000000000002	751.7	996.8000000000001	837.3000000000001	1092.0	970.3000000000001	864.0	986.0	878.7	1064.8	738806.011	960.900014	723.900011
160	739641.0	766.3000000000001	767.0	127.0	313.1	491.8	608.1	639.3000000000001	453.20000000000005	272.8	150.8	162.9	603.4	802.9000000000001	616.8000000000001	876.2	754.2	654.7	771.0	709.3000000000001	903.9000000000001	739766.911	745.100011	527.600008
161	740407.3	737.0	775.1	105.9	300.5	458.0	574.1	631.1	436.5	275.2	158.9	163.60000000000002	573.4	832.8000000000001	638.2	848.6	732.3000000000001	621.6	737.7	676.8000000000001	834.6	740512.011	734.600011	515.700008
162	741144.3	980.3000000000001	981.1	103.4	261.2	660.5	789.5	876.9000000000001	719.1	317.1	201.0	201.70000000000002	778.6	1079.4	921.6	1095.7	979.6	862.2	991.2	924.6	1107.0	741246.611	1022.900016	758.700012
163	742124.6000000001	1259.9	1220.2	146.0	328.40000000000003	943.5	1067.1000000000001	1113.9	931.5	320.6	191.60000000000002	202.5	1057.4	1276.7	1094.3	1378.0	1249.0	1146.0	1269.6000000000001	1212.0	1389.2	742269.5111	1268.500019	999.800015
164	743384.5	1041.0	1102.1000000000001	154.60000000000002	331.8	762.8000000000001	887.6	886.4000000000001	709.2	276.7	153.1	162.8	878.2	1110.3	933.1	1154.9	1031.3	925.6	1050.4	1018.6	1181.5	743538.0111	1026.900015	770.900011
165	744425.5	1058.6000000000001	987.5	140.4	303.3	723.5	842.2	918.2	755.3000000000001	339.3	214.5	223.9	834.7	1071.0	908.1	1174.0	1049.2	947.4000000000001	1066.1000000000001	973.8000000000001	1132.1000000000001	744564.9111	1057.200016	806.800012
166	745484.1000000001	1039.2	1087.2	139.1	297.40000000000003	768.1	888.7	900.1	741.8000000000001	264.0	145.3	152.8	886.4000000000001	1100.9	942.6	1150.4	1031.7	920.9000000000001	1041.5	1005.2	1210.0	745622.1111	1018.900015	781.600011
167	746523.3	899.7	884.6	118.80000000000001	323.6	578.9	707.2	780.9000000000001	576.1	319.1	198.5	200.8	698.9000000000001	966.6	761.8000000000001	1018.0	897.4000000000001	779.7	908.0	819.8000000000001	977.8000000000001	746641.0111	901.900013	660.80001
168	747423.0	702.9000000000001	683.3000000000001	120.9	278.90000000000003	411.1	528.8000000000001	582.0	424.0	305.7	177.4	185.70000000000002	517.2	748.1	590.1	822.9000000000001	694.6	596.8000000000001	714.5	626.1	820.6	747542.9111	690.800011	475.600007
169	748125.9	703.5	732.6	108.9	303.40000000000003	431.0	552.6	594.6	400.1	272.2	154.5	166.10000000000002	537.4	789.8000000000001	595.3000000000001	809.6	691.9000000000001	597.1	718.7	650.0	836.9000000000001	748233.7112	707.20001	488.100007
170	748829.4	846.2	788.5	112.60000000000001	299.5	534.7	655.0	733.6	546.7	301.6	180.0	195.20000000000002	651.0	871.1	684.2	952.6	831.0	729.9000000000001	850.2	773.5	935.2	748940.9112	856.300013	617.300009
171	749675.6000000001	1024.8	1100.8	122.5	284.2	771.3000000000001	893.9000000000001	902.3000000000001	740.6	253.8	133.5	137.5	887.3000000000001	1115.8	954.1	1141.1000000000001	1020.8000000000001	908.8000000000001	1031.4	1015.8000000000001	1180.0	749797.2112	1030.500015	785.900012
172	750700.4	1086.0	1054.3	128.5	292.7	763.2	882.0	957.5	793.3000000000001	329.5	206.9	213.5	872.5	1139.3	975.1	1202.0	1079.4	976.7	1095.5	1009.2	1215.6000000000001	750827.7112	1094.300017	848.100013
173	751786.4	1065.7	1044.2	136.70000000000002	343.1	771.7	893.5	929.0	722.6	291.1	172.3	181.8	883.9000000000001	1089.3	882.9000000000001	1175.0	1056.2	953.5	1075.3	1035.1000000000001	1181.2	751922.0112	1080.300016	816.600012
174	752852.1000000001	1028.2	1066.9	151.20000000000002	297.3	753.1	876.4000000000001	877.0	730.9000000000001	272.5	150.70000000000002	160.3	867.9000000000001	1076.0	929.9000000000001	1140.4	1018.6	913.4000000000001	1036.7	1014.2	1186.5	753002.3112	1023.200015	761.900011
175	753880.3	1063.0	1062.2	146.3	318.6	770.0	889.6	916.7	744.4000000000001	313.8	190.5	199.0	864.0	1114.9	942.6	1177.8	1054.5	969.0	1088.6000000000001	1014.8000000000001	1200.2	754025.5112	1067.500016	822.400012
176	754943.3	1078.6000000000001	1058.0	150.8	336.20000000000005	788.0	912.1	927.8000000000001	742.4000000000001	292.2	172.60000000000002	198.20000000000002	880.4000000000001	1105.4	920.0	1172.6000000000001	1053.0	986.2	1110.3	1044.1000000000001	1200.6000000000001	755093.0113	1091.500016	835.200012
177	756021.9	1041.0	1044.4	163.70000000000002	320.20000000000005	775.9000000000001	894.4000000000001	877.3000000000001	720.8000000000001	270.0	145.9	177.60000000000002	863.4000000000001	1058.3	901.8000000000001	1133.4	1009.3000000000001	953.5	1072.0	1009.1	1193.8	756184.5113	1022.900015	789.600012
178	757062.9	735.9000000000001	741.6	145.70000000000002	330.40000000000003	444.0	561.0	590.2	405.5	268.5	150.0	181.0	554.9	776.9000000000001	592.2	823.4000000000001	704.9000000000001	625.0	742.0	662.4000000000001	832.3000000000001	757207.4113	697.700011	479.300007
179	757798.8	705.8000000000001	682.3000000000001	107.5	277.40000000000003	412.40000000000003	532.3000000000001	598.3000000000001	428.40000000000003	297.6	180.60000000000002	186.70000000000002	519.1	761.5	591.6	816.7	699.7	599.1	719.0	640.1	828.0	757905.1113	719.40001	491.500007
180	758504.6000000001	1092.4	1076.3	121.0	308.90000000000003	812.1	934.1	971.4000000000001	783.5	269.90000000000003	150.0	163.20000000000002	929.2	1118.5	930.6	1199.1000000000001	1079.2	975.3000000000001	1097.3	1069.7	1233.4	758624.5113	1112.000017	854.100013
181	759597.0	1125.8	1173.1000000000001	140.5	304.2	861.0	988.7	985.3000000000001	821.6	264.2	142.20000000000002	147.1	978.7	1179.7	1016.0	1242.9	1120.9	1008.1	1135.8	1119.0	1304.5	759736.5113	1125.500017	867.300013
182	760722.8	1096.1000000000001	1085.1000000000001	140.3	325.8	766.8000000000001	889.6	955.8000000000001	770.3000000000001	312.1	184.4	194.4	901.7	1139.2	953.7	1213.8	1086.1000000000001	961.2	1084.0	1032.8	1207.0	760862.0113	1086.900016	820.700012
183	761818.9	1010.0	986.9000000000001	131.1	305.3	708.9000000000001	829.0	878.9000000000001	704.7	318.3	195.5	183.4	826.6	1039.2	865.0	1144.9	1022.1	892.3000000000001	1012.4000000000001	949.1	1147.1000000000001	761948.9114	1001.300015	760.900011
184	762828.9	872.3000000000001	902.4000000000001	122.5	320.5	597.5	716.9000000000001	749.8000000000001	551.8000000000001	278.0	157.9	160.3	712.0	940.2	742.2	990.0	869.9000000000001	757.8000000000001	877.2	834.1	1009.5	762950.2114	871.900013	635.300009
185	763701.2000000001	939.0	947.3000000000001	122.10000000000001	297.5	632.8000000000001	755.0	816.9000000000001	641.5	304.90000000000003	185.5	190.4	748.6	1015.6	840.2	1053.5	934.1	823.2	945.4000000000001	875.1	1045.5	763822.1114	943.500014	701.00001
186	764640.2000000001	749.6	717.3000000000001	126.5	296.90000000000003	446.0	561.5	623.1	452.70000000000005	314.5	192.3	198.70000000000002	550.9	789.5	619.1	865.4000000000001	743.2	644.7	760.2	660.3000000000001	857.6	764765.6114	732.500011	518.000008
187	765389.8	679.2	684.1	109.4	306.7	408.20000000000005	523.6	569.8000000000001	372.5	271.3	155.8	166.4	512.8000000000001	741.1	543.8000000000001	784.1	668.6	574.6	690.0	624.1	777.0	765498.1114	681.20001	465.100007
188	766069.0	864.2	876.6	111.30000000000001	264.2	606.1	720.6	752.9000000000001	600.0	275.90000000000003	160.5	171.3	692.9000000000001	936.6	783.7	968.8000000000001	853.4000000000001	777.4000000000001	891.9000000000001	837.5	1019.8000000000001	766179.3114	897.300013	665.70001
189	766933.2000000001	941.3000000000001	937.8000000000001	144.6	326.90000000000003	651.2	769.8000000000001	796.7	614.4000000000001	270.5	156.0	183.70000000000002	757.6	976.9000000000001	794.6	1028.1000000000001	913.6	834.9000000000001	953.5	895.7	1051.9	767076.6114	934.900014	690.200011
190	767874.5	939.6	902.5	138.1	294.3	630.7	750.6	801.5	645.3000000000001	286.6	168.0	180.20000000000002	759.4000000000001	944.6	788.4000000000001	1046.0	927.4000000000001	810.9000000000001	930.8000000000001	882.2	1045.3	768011.5114	924.300014	672.70001
191	768814.1000000001	973.1	985.9000000000001	122.80000000000001	285.90000000000003	714.4000000000001	835.7	850.3000000000001	687.2	271.8	151.9	143.1	830.0	1006.2	843.1	1101.8	981.9000000000001	857.5	978.8000000000001	978.4000000000001	1138.6000000000001	768935.8115	998.700015	734.500011
192	769787.2000000001	1065.9	1100.7	148.4	308.6	797.7	919.0	917.5	757.3000000000001	271.5	150.20000000000002	155.9	910.0	1108.2	948.0	1181.5	1060.2	953.6	1074.9	1056.2	1234.1000000000001	769934.5115	1063.700016	805.000012
193	770853.1000000001	1093.2	1055.0	146.20000000000002	324.1	780.6	903.9000000000001	947.0	769.1	303.0	181.70000000000002	190.70000000000002	902.5	1099.5	921.6	1205.5	1084.2	971.3000000000001	1094.6000000000001	1051.1000000000001	1240.5	770998.2115	1095.700016	824.900012
194	771946.3	1084.7	1114.6000000000001	148.6	338.0	809.6	930.4000000000001	936.1	746.7	274.40000000000003	151.1	152.5	932.2	1118.5	929.1	1206.6000000000001	1083.3	962.1	1082.9	1073.6000000000001	1234.8000000000002	772093.9115	1077.300016	813.200012
195	773031.0	987.7	996.7	141.4	302.6	685.4000000000001	810.0	846.3000000000001	685.1	305.0	184.20000000000002	182.4	805.3000000000001	1037.7	876.5	1110.3	989.5	867.8000000000001	992.4000000000001	949.3000000000001	1125.0	773171.2115	990.400015	726.300011
196	774018.7000000001	1077.8	1093.7	144.0	319.70000000000005	776.5	897.7	933.8000000000001	758.1	311.3	186.70000000000002	191.4	886.4000000000001	1141.1000000000001	965.4000000000001	1197.7	1073.1000000000001	967.9000000000001	1089.1000000000001	1002.7	1178.2	774161.6115	1050.000016	823.700012
197	775096.5	772.8000000000001	720.1	116.30000000000001	291.8	459.0	573.2	656.5	481.0	317.20000000000005	196.0	207.3	565.5	811.1	635.6	882.7	761.5	666.3000000000001	780.5	685.1	870.8000000000001	775211.6116	776.200011	549.900008
198	775869.3	740.1	752.1	119.60000000000001	305.3	472.1	591.6	620.5	434.8	261.1	146.9	154.60000000000002	585.5	787.1	601.4	846.6	732.4000000000001	626.7	746.2	712.2	853.6	775987.8116	747.200011	506.900008
199	776609.4	967.2	954.9000000000001	126.7	268.1	687.6	809.4000000000001	840.5	699.1	280.0	160.5	166.60000000000002	800.6	994.8000000000001	853.4000000000001	1080.6000000000001	961.1	854.2	976.0	945.3000000000001	1127.2	776735.0116	985.200015	727.300011
200	777576.6000000001	1112.1000000000001	1119.6000000000001	144.70000000000002	326.6	846.2	965.5	967.4000000000001	785.5	267.3	145.5	154.3	957.8000000000001	1129.2	947.3000000000001	1225.1000000000001	1103.3	1000.5	1119.8	1106.0	1268.9	777720.2116	1115.500017	855.600013
201	778688.7000000001	1020.4000000000001	1022.8000000000001	148.20000000000002	311.1	749.4000000000001	868.5	872.2	709.3000000000001	273.40000000000003	154.10000000000002	161.8	858.6	1036.4	873.5	1132.0	1012.7	911.2	1030.3	1005.8000000000001	1158.4	778835.7116	1019.600015	762.900011
202	779709.1000000001	1013.2	1028.3	147.20000000000002	299.8	734.6	855.3000000000001	866.0	713.4000000000001	273.40000000000003	154.3	164.20000000000002	849.0	1045.3	892.7	1122.4	1003.3000000000001	898.8000000000001	1019.5	982.3000000000001	1205.2	779855.3116	999.200015	751.400011
203	780722.3	1087.9	1099.9	133.3	356.20000000000005	778.2	900.0	954.6	731.7	293.7	173.0	179.3	908.6	1145.9	923.0	1202.3	1081.6000000000001	957.5	1079.3	1053.5	1225.9	780854.5116	1099.600016	823.900012
204	781810.2000000001	1015.7	990.3000000000001	144.9	317.3	689.0	809.6	870.8000000000001	698.4000000000001	321.70000000000005	199.9	191.3	824.4000000000001	1036.7	864.3000000000001	1146.1000000000001	1024.3	880.3000000000001	1000.9000000000001	939.2	1088.3	781954.1117	985.500015	735.100011
205	782825.9	902.5	920.1	114.80000000000001	263.90000000000003	625.9000000000001	744.7	787.7	638.6	301.3	180.70000000000002	165.9	736.6	971.2	822.1	1037.9	917.3000000000001	791.8000000000001	910.6	880.2	1030.5	782939.6117	931.200014	676.80001
206	783728.4	1024.0	1040.7	143.6	293.90000000000003	724.1	845.4000000000001	880.4000000000001	730.1	294.2	175.4	183.5	840.5	1080.6000000000001	930.3000000000001	1134.7	1015.9000000000001	907.6	1028.9	992.6	1149.3	783870.8117	1032.600015	763.900011
207	784752.4	1000.3000000000001	997.8000000000001	152.1	308.8	686.7	809.4000000000001	848.2	691.5	316.6	195.3	200.20000000000002	800.1	1045.9	889.2	1116.7	995.4000000000001	886.9000000000001	1009.6	955.0	1125.3	784903.4117	1003.200015	734.600011
208	785752.7000000001	1015.1	1020.0	154.9	325.20000000000005	710.5	827.5	860.2	689.9000000000001	311.1	188.4	197.70000000000002	817.4000000000001	1062.8	892.5	1128.5	1005.8000000000001	908.2	1025.2	975.4000000000001	1140.4	785906.6117	1018.100015	753.100011
209	786767.8	1076.7	1059.7	158.0	323.0	751.7	875.9000000000001	918.7	753.7	309.5	192.5	202.60000000000002	874.1	1104.3	939.3000000000001	1183.6000000000001	1066.6000000000001	954.3000000000001	1078.5	1012.0	1178.3	786924.7117	1056.600016	796.100012
210	787844.5	1113.4	1099.1000000000001	137.9	304.2	818.8000000000001	939.6	975.5	809.2	308.0	183.8	185.60000000000002	927.8000000000001	1146.8	980.5	1235.8000000000002	1111.6000000000001	1004.4000000000001	1125.2	1082.4	1251.1000000000001	787981.3117	1130.200017	866.300013
211	788957.9	1046.8	1084.3	154.60000000000002	323.3	758.5	880.9000000000001	892.2	723.5	280.3	159.5	171.3	875.5	1101.0	932.3000000000001	1155.8	1035.0	929.8000000000001	1052.2	1011.7	1195.6000000000001	789111.5118	1028.400015	774.800011
212	790004.7000000001	786.9000000000001	731.4000000000001	136.20000000000002	320.1	452.3	567.8000000000001	650.7	466.8	325.8	203.4	208.8	578.1	804.0	620.1	903.9000000000001	781.5	661.1	776.6	671.5	867.0	790139.9118	744.000011	524.700008
213	790791.6000000001	698.4000000000001	722.2	93.4	288.90000000000003	442.70000000000005	558.8000000000001	605.0	409.5	279.1	163.60000000000002	153.3	545.1	782.1	586.6	824.2	708.7	596.0	712.1	661.0	832.6	790883.9118	720.800011	502.400008
214	791490.0	720.9000000000001	741.0	115.9	287.5	436.8	553.6	605.0	433.40000000000003	279.5	163.4	177.10000000000002	543.8000000000001	802.2	630.6	823.3000000000001	707.2	613.9	730.7	667.5	861.2	791604.7118	728.700011	498.000007
215	792210.9	992.6	993.5	123.7	317.40000000000003	687.8000000000001	807.1	868.9000000000001	675.2	304.2	187.4	197.20000000000002	795.4000000000001	1067.0	873.3000000000001	1099.6000000000001	982.8000000000001	885.0	1004.3000000000001	947.6	1113.4	792333.4118	1021.100015	761.200011
216	793203.5	1045.8	1010.9000000000001	152.20000000000002	318.0	734.3000000000001	856.5	893.6	727.8000000000001	305.7	186.4	198.10000000000002	847.7	1056.8	891.0	1153.4	1034.1000000000001	932.4000000000001	1054.6000000000001	1003.0	1171.6000000000001	793354.5118	1049.000016	780.100012
217	794249.3	1104.1000000000001	1137.6000000000001	155.3	323.90000000000003	829.8000000000001	951.8000000000001	948.8000000000001	780.2	276.6	154.4	163.20000000000002	940.9000000000001	1145.5	976.9000000000001	1217.5	1095.3	993.0	1115.0	1090.2	1260.0	794403.5118	1098.200016	837.500012
218	795353.4	1056.2	1067.2	149.3	319.1	752.8000000000001	871.6	906.9000000000001	737.1	307.8	185.8	196.70000000000002	859.5	1114.6000000000001	944.8000000000001	1167.3	1045.3	949.5	1068.3	1018.7	1175.6000000000001	795501.7119	1066.000016	799.800012
219	796409.6000000001	1035.5	1040.6000000000001	159.20000000000002	316.1	722.0	840.9000000000001	876.3000000000001	719.4000000000001	314.40000000000003	195.60000000000002	207.70000000000002	827.8000000000001	1089.1000000000001	932.2	1142.2	1023.4000000000001	929.7	1048.6000000000001	960.2	1158.9	796567.7119	1008.700015	770.300011
220	797445.1000000001	902.4000000000001	889.8000000000001	132.4	331.1	579.2	701.1	770.0	571.3000000000001	318.6	199.70000000000002	212.8	689.6	970.2	771.5	1008.2	889.3000000000001	792.0	913.9000000000001	810.9000000000001	982.3000000000001	797576.4119	891.300013	659.50001
221	798347.5	938.7	913.7	121.30000000000001	292.7	630.2	749.4000000000001	817.4000000000001	646.0	310.6	188.70000000000002	200.20000000000002	738.5	992.6	821.2	1049.1000000000001	927.2	830.4000000000001	949.6	870.7	1060.8	798467.7119	949.700014	709.000011
222	799286.2000000001	814.3000000000001	793.9000000000001	132.20000000000002	322.3	533.2	647.0	682.1	492.0	283.5	164.3	175.20000000000002	639.1	836.9000000000001	646.8000000000001	922.6	803.4000000000001	708.4000000000001	822.2	743.3000000000001	910.6	799417.4119	786.100012	575.900009
223	800100.5	680.3000000000001	710.2	104.2	271.5	425.8	535.9	576.1	408.8	260.7	146.9	154.8	525.5	760.8000000000001	593.5	786.2	672.4000000000001	580.6	690.7	631.5	796.2	800203.5119	682.20001	476.300007
224	800780.8	679.2	642.3000000000001	106.0	270.7	370.8	484.0	573.2	408.5	284.40000000000003	174.3	184.70000000000002	494.5	721.0	556.3000000000001	778.9000000000001	668.8000000000001	555.5	668.7	584.0	771.6	800885.7119	662.60001	449.300007
225	801460.0	721.5	751.7	89.5	277.1	475.5	594.6	632.0	444.40000000000003	271.5	158.3	147.8	573.7	810.0	622.4000000000001	845.2	732.0	623.3000000000001	742.4000000000001	710.9000000000001	888.9000000000001	801548.3119	769.300011	533.800008
226	802181.5	882.0	895.4000000000001	137.20000000000002	315.20000000000005	600.0	717.9000000000001	744.8000000000001	566.8000000000001	276.2	157.10000000000002	178.0	704.0	936.2	758.2	980.2	861.1	778.0	895.9000000000001	832.3000000000001	1023.5	802317.612	873.200013	640.50001
227	803063.5	992.8000000000001	987.4000000000001	128.3	319.5	695.0	811.3000000000001	864.5	673.3000000000001	295.40000000000003	177.5	191.4	801.4000000000001	1050.5	859.3000000000001	1096.8	978.9000000000001	886.4000000000001	1002.7	944.4000000000001	1109.3	803190.812	1007.400015	757.800012
228	804056.3	993.8000000000001	960.0	143.0	307.90000000000003	696.8000000000001	814.6	850.8000000000001	685.9000000000001	292.40000000000003	176.10000000000002	186.0	807.8000000000001	1003.0	838.1	1100.2	983.9000000000001	882.8000000000001	1000.6	950.5	1117.9	804198.212	993.500015	739.500012
229	805050.1000000001	998.2	1002.2	142.70000000000002	310.1	733.6	855.3000000000001	855.5	688.1	263.2	145.4	152.20000000000002	846.0	1011.7	844.3000000000001	1109.2	991.4000000000001	885.8000000000001	1007.5	982.9000000000001	1138.6000000000001	805191.712	992.400015	742.800011
230	806048.3	1086.1000000000001	1081.4	136.9	292.6	819.8000000000001	936.0	949.2	793.5	268.6	146.9	156.20000000000002	929.9000000000001	1100.7	945.0	1198.5	1076.8	976.0	1092.2	1072.9	1244.8000000000002	806184.112	1092.300016	838.900013
231	807134.4	1054.0	1089.5	143.0	314.90000000000003	790.9000000000001	913.2	911.0	739.1	261.6	145.4	151.5	902.5	1098.0	926.1	1164.1000000000001	1047.9	942.4000000000001	1064.7	1043.6000000000001	1196.6000000000001	807276.412	1052.100016	799.100012
232	808188.4	1025.3	1011.9000000000001	141.1	294.1	719.4000000000001	841.6	884.2	731.2	298.6	176.3	187.0	838.3000000000001	1057.8	904.8000000000001	1136.9	1014.6	906.4000000000001	1028.6000000000001	965.4000000000001	1151.2	808328.512	1011.200015	765.000011
233	809213.7000000001	807.5	788.1	127.10000000000001	312.90000000000003	510.3	625.9000000000001	680.4000000000001	494.6	292.5	170.3	173.60000000000002	633.9000000000001	834.6	648.8000000000001	926.4000000000001	804.2	683.9000000000001	799.5	725.3000000000001	920.1	809339.7121	771.700012	556.600008
234	810021.2000000001	778.1	827.2	91.4	286.2	517.0	634.2	686.7	491.90000000000003	277.8	162.20000000000002	154.20000000000002	623.9000000000001	890.0	695.2	901.7	786.1	671.2	788.4000000000001	737.6	885.9000000000001	810111.4121	800.500012	579.700008
235	810799.3	793.8000000000001	757.3000000000001	113.7	262.0	480.8	599.7	680.1	531.8000000000001	310.20000000000005	193.0	203.3	590.5	846.9000000000001	698.6	900.7	783.5	684.1	803.0	717.9000000000001	866.5	810911.9121	807.500012	570.300008
236	811593.1000000001	1024.8	993.1	127.4	276.0	721.5	847.1	897.4000000000001	748.8000000000001	276.5	157.60000000000002	166.8	858.0	1032.5	883.9000000000001	1134.5	1015.6	888.3000000000001	1013.9000000000001	984.1	1161.7	811719.4121	1023.500015	760.700011
237	812617.9	975.5	1019.9000000000001	126.10000000000001	303.7	727.9000000000001	847.0	849.4000000000001	671.8000000000001	271.6	146.0	135.1	840.4000000000001	1028.9	851.3000000000001	1112.0	986.4000000000001	863.0	982.1	980.6	1145.3	812742.9121	989.600015	736.800011
238	813593.4	984.2	999.5	140.20000000000002	304.90000000000003	696.3000000000001	817.3000000000001	844.0	679.3000000000001	292.0	172.9	179.5	804.7	1038.8	874.1	1096.7	977.6	875.8000000000001	996.8000000000001	952.3000000000001	1113.1000000000001	813732.5121	991.600014	735.400011
239	814577.6000000001	996.1	982.5	147.6	308.40000000000003	693.6	812.8000000000001	848.5	687.7	303.2	182.20000000000002	194.8	801.3000000000001	1029.7	868.9000000000001	1104.5	983.5	888.4000000000001	1007.6	937.2	1136.1000000000001	814724.1121	984.400015	740.500011
240	815573.7000000001	876.2	868.9000000000001	135.9	334.8	586.6	704.0	740.3000000000001	541.4	288.90000000000003	169.70000000000002	181.20000000000002	695.0	914.2	715.3000000000001	983.9000000000001	864.7	767.8000000000001	885.2	826.3000000000001	1014.5	815708.5122	871.600013	631.600009
241	816449.9	961.1	940.9000000000001	131.3	319.5	662.0	778.8000000000001	829.8000000000001	641.6	282.3	164.9	173.9	787.2	983.5	795.3000000000001	1069.5	952.1	835.9000000000001	952.7	899.1	1069.5	816580.1122	941.700014	704.50001
242	817411.0	740.2	771.3000000000001	111.9	282.3	482.6	598.3000000000001	628.3000000000001	457.90000000000003	278.90000000000003	162.10000000000002	153.70000000000002	586.5	813.1	642.7	865.4000000000001	748.6	636.3000000000001	752.0	692.0	880.9000000000001	817521.8122	733.700011	524.300008
243	818151.2000000001	664.3000000000001	641.8000000000001	105.5	294.40000000000003	376.40000000000003	491.1	558.8000000000001	369.90000000000003	288.7	173.0	184.8	479.5	721.1	532.2	768.2	652.5	561.2	675.9000000000001	585.6	778.1	818255.5122	664.90001	455.700007
244	818815.5	815.6	820.6	106.10000000000001	298.6	553.1	666.3000000000001	709.5	517.0	265.40000000000003	150.70000000000002	162.3	653.3000000000001	876.8000000000001	684.3000000000001	918.7	804.0	715.4000000000001	828.6	779.8000000000001	954.4000000000001	818920.4122	836.100012	609.100009
245	819631.1000000001	815.8000000000001	798.8000000000001	126.5	301.1	535.7	652.7	689.3000000000001	514.7	267.5	154.3	167.3	648.5	839.6	665.0	916.0	802.8000000000001	703.0	820.0	760.1	949.9000000000001	819756.5122	800.900012	576.400009
246	820446.9	918.5	916.1	111.60000000000001	301.40000000000003	638.9000000000001	753.6	806.9000000000001	617.1	263.1	146.1	150.3	768.2	954.8000000000001	765.0	1031.3	914.3000000000001	789.2	903.9000000000001	877.2	1083.3	820557.4122	915.900014	677.50001
247	821365.4	925.8000000000001	936.7	109.0	315.1	669.1	789.8000000000001	816.8000000000001	610.7	277.2	162.5	147.9	777.9000000000001	975.6	769.5	1055.1000000000001	940.4000000000001	817.0	937.7	926.6	1086.6000000000001	821473.3122	965.500014	707.80001
248	822291.2000000001	1011.7	982.3000000000001	148.70000000000002	308.70000000000005	722.2	842.3000000000001	863.0	703.0	267.6	146.9	158.8	852.9000000000001	992.4000000000001	832.4000000000001	1120.5	999.8000000000001	881.0	1001.1	974.5	1132.8	822438.8123	984.600015	732.100011
249	823302.9	1007.3000000000001	1060.4	121.60000000000001	279.90000000000003	769.1	888.0	885.7	727.4000000000001	260.1	140.0	129.4	877.9000000000001	1068.2	909.9000000000001	1138.0	1017.9000000000001	898.5	1017.4000000000001	1009.6	1194.3	823423.4123	1017.400015	776.700012
250	824310.2000000001	999.7	1023.8000000000001	131.70000000000002	316.40000000000003	706.8000000000001	826.8000000000001	868.0	683.3000000000001	291.3	172.4	182.5	817.2	1074.6000000000001	889.9000000000001	1108.5	989.6	889.3000000000001	1009.3000000000001	951.7	1129.1000000000001	824440.8123	1002.600015	757.400011
251	825309.9	880.4000000000001	815.2	134.5	311.90000000000003	562.0	678.6	745.9000000000001	568.5	317.0	197.0	206.60000000000002	673.8000000000001	887.3000000000001	709.9000000000001	990.8000000000001	870.8000000000001	768.6	885.2	783.7	959.5	825443.4123	855.700013	633.80001
252	826190.3	736.4000000000001	759.4000000000001	109.9	285.7	485.6	598.9	626.5	450.70000000000005	253.20000000000002	136.6	141.4	595.0	790.9000000000001	615.1	848.2	731.6	627.0	740.3000000000001	696.0	883.8000000000001	826299.1123	727.600011	517.000008
253	826926.7000000001	815.1	805.2	101.0	288.8	526.4	640.6	714.1	526.3000000000001	273.8	160.5	164.4	650.7	868.6	680.8000000000001	924.5	811.2	690.8000000000001	805.0	759.3000000000001	922.5	827026.7123	822.700012	589.500008
254	827741.8	985.7	1011.2	108.60000000000001	271.8	712.5	833.2	877.1	713.9000000000001	278.8	164.60000000000002	154.5	831.2	1057.1000000000001	893.9000000000001	1110.0	995.8000000000001	867.0	987.7	962.7	1129.1000000000001	827849.4123	1008.500015	758.000011
255	828727.5	1017.8000000000001	1052.3	131.5	297.90000000000003	724.8000000000001	843.5	886.3000000000001	719.9000000000001	298.7	178.0	180.0	837.8000000000001	1100.8	934.4000000000001	1136.5	1015.8000000000001	904.8000000000001	1023.5	978.2	1181.8	828857.9124	1026.700015	773.200011
256	829745.3	1001.3000000000001	971.7	140.4	344.0	676.8000000000001	796.6	860.9000000000001	657.3000000000001	327.5	208.8	214.5	786.8000000000001	1045.8	842.2	1114.3	995.6	891.3000000000001	1011.1	929.0	1080.8	829884.6124	1003.100015	750.700011
257	830746.6000000001	979.2	924.1	142.20000000000002	294.0	661.3000000000001	779.7	837.0	685.2	294.90000000000003	175.10000000000002	184.9	794.3000000000001	966.8000000000001	815.0	1089.2	969.4000000000001	846.2	964.6	917.5	1077.3	830887.7124	960.200014	703.900011
258	831725.8	1023.5	1075.1000000000001	123.2	283.0	777.0	899.0	900.3000000000001	740.5	262.8	144.4	129.8	893.7	1081.7	921.9000000000001	1156.5	1038.1000000000001	906.8000000000001	1028.8	1028.4	1209.6000000000001	831847.9124	1035.000016	783.500012
259	832749.3	1002.5	995.0	134.70000000000002	315.90000000000003	710.9000000000001	831.7	867.8000000000001	686.6	298.1	176.10000000000002	181.4	821.1	1041.7	860.5	1119.2	997.2	892.3000000000001	1013.1	954.3000000000001	1140.4	832882.9124	1001.000015	757.400011
260	833751.8	939.0	988.6	133.20000000000002	319.3	656.6	772.7	805.8000000000001	619.7	284.1	163.3	173.9	765.1	1029.3	843.2	1049.2	928.4000000000001	830.5	946.6	878.0	1056.2	833883.9124	918.700014	697.10001
261	834690.8	735.8000000000001	669.2	112.9	291.1	404.8	512.6	622.9000000000001	444.70000000000005	332.0	215.9	223.5	512.3000000000001	779.8000000000001	601.6	844.3000000000001	728.2	628.3000000000001	736.1	613.2	777.7	834802.6124	723.80001	515.200007
262	835426.6000000001	706.1	738.9000000000001	100.9	265.40000000000003	447.90000000000003	564.2	605.2	440.70000000000005	264.40000000000003	156.60000000000002	156.9	549.2	794.9000000000001	630.4000000000001	813.6	705.8000000000001	604.8000000000001	721.1	669.7	853.6	835526.4125	725.700011	503.800008
263	836132.7000000001	874.2	884.7	120.5	304.40000000000003	582.8000000000001	697.8000000000001	753.7	569.8000000000001	291.0	174.70000000000002	189.70000000000002	684.5	953.9000000000001	770.0	975.5	859.2	772.5	887.5	809.8000000000001	990.1	836252.1125	879.100013	651.80001
264	837006.9	884.7	895.5	125.30000000000001	305.6	579.8000000000001	697.3000000000001	759.4000000000001	579.1	301.90000000000003	186.9	200.20000000000002	684.5	970.4000000000001	790.1	986.4000000000001	871.4000000000001	780.0	897.5	815.6	973.9000000000001	837131.2125	890.400013	654.50001
265	837891.6000000001	872.2	860.1	131.1	289.40000000000003	567.8000000000001	683.6	741.1	582.8000000000001	315.70000000000005	198.20000000000002	211.0	661.2	940.0	781.7	976.9000000000001	859.4000000000001	778.8000000000001	894.6	794.2	967.3000000000001	838021.6125	874.100014	647.50001
266	838763.8	873.8000000000001	895.0	133.0	306.1	560.8000000000001	679.9000000000001	740.8000000000001	567.7	292.3	176.5	198.9	674.9000000000001	960.9000000000001	787.8000000000001	967.2	851.4000000000001	759.7	878.8000000000001	793.1	964.3000000000001	838895.7125	859.000012	626.600009
267	839637.6000000001	868.2	797.5	118.2	289.40000000000003	534.8000000000001	646.2	750.0	578.8000000000001	334.20000000000005	215.10000000000002	220.10000000000002	648.1	899.4000000000001	728.2	982.3000000000001	863.2	754.9000000000001	866.3000000000001	758.5	922.2	839754.7125	860.400013	636.50001
268	840505.8	738.3000000000001	744.2	110.4	274.1	485.1	598.4	627.9000000000001	464.20000000000005	262.7	151.3	149.4	588.9	783.2	619.5	851.6	740.2	634.5	747.8000000000001	692.0	856.1	840615.1125	731.000011	523.900008
269	841244.1000000001	730.1	745.9000000000001	103.10000000000001	267.2	454.70000000000005	567.6	627.0	462.90000000000003	259.1	145.8	155.3	574.8000000000001	798.1	634.0	833.9000000000001	720.6	610.0	722.9000000000001	671.9000000000001	844.6	841346.1125	724.100011	506.800008
270	841974.2000000001	655.7	644.0	97.10000000000001	269.8	385.40000000000003	500.40000000000003	558.6	385.90000000000003	291.2	178.3	171.10000000000002	484.6	718.0	545.3000000000001	775.8000000000001	662.9000000000001	556.5	671.5	606.6	791.2	842070.2125	680.70001	459.200007
271	842629.9	912.4000000000001	934.7	122.0	306.6	640.7	760.0	790.4000000000001	605.8000000000001	258.6	143.6	159.4	753.0	972.1	787.5	1011.6	896.6	800.1	919.4000000000001	890.0	1060.2	842750.9126	927.200014	677.80001
272	843542.3	998.8000000000001	970.0	137.0	307.20000000000005	705.5	823.5	861.8000000000001	691.6	294.0	174.70000000000002	181.70000000000002	817.1	1014.7	844.5	1111.1000000000001	991.8000000000001	887.2	1005.2	960.9000000000001	1130.4	843678.1126	1005.600015	750.100011
273	844541.1000000001	1020.1	1017.2	143.8	313.3	752.1	869.8000000000001	876.3000000000001	706.8000000000001	264.5	146.5	152.9	867.2	1026.3	856.8000000000001	1131.7	1013.7	905.0	1022.7	1009.2	1170.4	844683.7126	1018.400015	761.000011
274	845561.2000000001	1063.9	1070.1000000000001	142.0	303.2	782.7	901.8000000000001	921.9000000000001	760.7	265.1	147.4	150.0	913.9000000000001	1078.1000000000001	916.9000000000001	1179.0	1061.3	932.7	1051.8	1027.7	1228.7	845702.1126	1035.700015	790.500012
275	846625.1000000001	995.6	1015.0	113.80000000000001	314.8	723.3000000000001	844.5	881.8000000000001	680.8000000000001	287.40000000000003	168.3	156.20000000000002	839.4000000000001	1057.4	856.4000000000001	1126.8	1007.7	879.5	1000.7	973.7	1132.6000000000001	846737.8126	1016.000016	765.500012
276	847620.7000000001	1060.1000000000001	1067.1000000000001	134.3	293.2	768.2	892.6	925.8000000000001	766.9000000000001	291.7	170.5	175.60000000000002	884.5	1108.4	949.5	1176.2	1055.0	943.8000000000001	1068.2	1025.3	1186.2	847753.8126	1066.600015	809.400012
277	848680.8	1006.0	1009.3000000000001	140.8	301.7	718.2	838.6	865.2	704.3000000000001	298.90000000000003	174.5	182.60000000000002	823.4000000000001	1051.1000000000001	890.2	1122.3	997.9000000000001	900.8000000000001	1021.2	968.0	1126.2	848820.4126	1009.900015	760.000012
278	849686.8	1119.7	1072.8	144.6	302.8	804.2	922.6	975.1	816.9000000000001	291.1	170.70000000000002	185.9	933.8000000000001	1114.1000000000001	955.9000000000001	1224.9	1104.5	990.1	1108.5	1064.9	1240.4	849830.3127	1106.200017	845.200013
279	850806.5	1067.0	1144.1000000000001	131.1	306.6	788.1	909.3000000000001	935.9000000000001	760.4000000000001	268.6	150.20000000000002	139.0	928.0	1152.0	976.5	1196.6000000000001	1078.2	927.1	1048.3	1062.7	1217.0	850936.5127	1070.600016	795.800012
280	851873.5	1126.1000000000001	1051.6000000000001	134.70000000000002	289.0	772.7	897.5	991.4000000000001	837.1	356.0	234.8	216.10000000000002	910.0	1133.0	978.7	1266.0	1144.8	988.8000000000001	1113.6000000000001	1029.5	1248.7	852007.1127	1110.900016	854.000013
281	852999.6000000001	1105.7	1168.0	119.5	338.70000000000005	857.8000000000001	981.9000000000001	986.2	767.0	278.90000000000003	154.10000000000002	141.6	964.1	1190.1000000000001	970.9000000000001	1243.0	1118.2	999.4000000000001	1123.5	1119.9	1312.2	853118.0127	1142.000017	879.700014
282	854105.3	1040.3	1018.1	155.8	348.1	723.5	847.2	884.5	692.2	310.20000000000005	186.10000000000002	203.9	836.4000000000001	1066.2	873.9000000000001	1146.6000000000001	1022.5	927.4000000000001	1051.1000000000001	979.4000000000001	1142.6000000000001	854260.0127	1027.500016	771.500012
283	855145.6000000001	1074.8	1049.3	143.0	306.2	779.0	901.8000000000001	931.8000000000001	768.6	294.6	170.9	181.70000000000002	893.1	1088.0	924.8000000000001	1187.7	1064.0	960.7	1083.5	1033.9	1212.4	855287.5127	1072.600016	817.500012
284	856220.4	762.9000000000001	786.2	140.8	319.3	510.90000000000003	620.9000000000001	622.1	443.6	270.3	147.5	156.20000000000002	606.7	801.6	623.1	877.0	754.2	667.1	777.1	725.5	908.5	856360.1128	740.900011	526.100008
285	856983.3	759.6	775.2	118.80000000000001	301.8	461.1	575.8000000000001	640.8000000000001	457.8	275.3	165.3	179.5	580.1	835.9000000000001	652.9000000000001	855.4000000000001	745.4000000000001	640.6	755.3000000000001	674.9000000000001	864.2	857101.0128	735.600011	521.700008
286	857742.9	692.6	643.7	94.80000000000001	284.1	388.90000000000003	506.40000000000003	597.8000000000001	408.5	314.1	199.4	195.10000000000002	497.5	744.0	554.7	811.6	696.9000000000001	584.0	701.5	608.0	781.4000000000001	857836.6128	708.30001	489.100007
287	858435.5	925.5	938.0	110.5	283.90000000000003	678.9000000000001	795.8000000000001	815.0	641.6	254.8	137.3	146.20000000000002	779.3000000000001	973.7	800.3000000000001	1034.1000000000001	916.6	825.1	942.0	915.8000000000001	1097.1000000000001	858544.9128	951.600014	714.400011
288	859361.0	900.7	978.2	136.5	317.8	633.9000000000001	750.2	764.2	582.9	259.1	142.20000000000002	158.70000000000002	742.0	1000.4000000000001	819.1	1001.1	884.2	792.6	908.9000000000001	869.5	1049.3	859496.5128	891.600014	655.80001
289	860261.7000000001	896.3000000000001	856.9000000000001	127.5	307.3	555.6	671.9000000000001	768.8000000000001	589.0	344.3	228.0	236.20000000000002	660.1	965.6	785.8000000000001	1004.4000000000001	888.1	791.8000000000001	908.1	790.0	963.3000000000001	860388.1128	898.800013	664.10001
290	861158.0	939.8000000000001	910.0	129.9	303.2	630.1	747.0	809.9000000000001	636.6	301.3	185.0	196.8	743.0	976.9000000000001	803.6	1044.3	928.0	826.9000000000001	943.8000000000001	868.2	1043.6000000000001	861286.9128	935.000014	696.800011
291	862097.8	918.2	929.0	125.2	300.6	626.9000000000001	743.1	793.0	617.6	279.90000000000003	163.0	167.0	751.2	970.8000000000001	795.4000000000001	1031.1000000000001	914.2	793.9000000000001	910.1	857.0	1035.0	862221.9128	898.700013	668.40001
292	863016.0	899.0	907.0	105.80000000000001	283.8	600.5	713.4000000000001	793.2	615.2	302.1	185.9	177.8	721.2	979.0	801.0	1023.3000000000001	907.1	778.3000000000001	891.2	831.8000000000001	1013.4000000000001	863120.6129	903.900014	672.400011
293	863915.0	981.5	990.8000000000001	110.60000000000001	292.2	687.7	806.9000000000001	870.9000000000001	689.3000000000001	306.5	193.60000000000002	185.8	795.7	1066.0	884.4000000000001	1102.2	989.3000000000001	873.5	992.7	942.5	1139.0	864024.5129	1017.600015	762.700011
294	864896.5	1038.6000000000001	1005.0	146.8	343.3	733.1	854.5	891.8000000000001	695.3000000000001	303.1	183.9	195.10000000000002	843.5	1053.3	856.8000000000001	1146.6000000000001	1027.4	928.2	1049.6000000000001	996.9000000000001	1149.9	865042.1129	1045.200016	781.300012
295	865935.1000000001	1060.4	1090.4	153.4	306.40000000000003	792.4000000000001	908.9000000000001	907.0	754.0	271.90000000000003	150.5	161.5	898.9000000000001	1098.5	945.5	1170.8	1049.4	953.9000000000001	1070.4	1046.1000000000001	1207.7	866087.3129	1054.200015	800.500012
296	866995.5	851.9000000000001	869.8000000000001	147.20000000000002	308.8	552.9	669.4000000000001	704.7	543.1	298.0	181.5	191.5	660.4000000000001	914.1	752.5	958.4000000000001	841.9000000000001	744.4000000000001	860.9000000000001	778.8000000000001	958.4000000000001	867141.5129	823.200013	597.100009
297	867847.4	724.1	681.1	118.4	298.0	405.70000000000005	522.4	605.7	426.1	316.90000000000003	200.4	209.4	514.7	772.1	592.5	831.6	715.1	615.1	731.8000000000001	622.8000000000001	809.2	867964.7129	713.80001	496.600007
298	868571.5	701.8000000000001	719.5	108.10000000000001	294.5	434.8	550.7	593.7	407.3	275.40000000000003	158.70000000000002	166.4	535.4	777.8000000000001	591.4	810.8000000000001	694.1	601.2	717.1	653.5	814.3000000000001	868678.5129	711.800011	493.000008
299	869273.3	839.1	845.9000000000001	118.10000000000001	278.90000000000003	562.8000000000001	686.9000000000001	721.0	560.2	284.7	168.8	184.10000000000002	655.0	911.9000000000001	751.1	939.7	823.8000000000001	746.9000000000001	871.0	798.4000000000001	972.2	869390.313	864.400013	628.700009
300	870112.4	1026.4	1029.3	143.4	317.20000000000005	729.8000000000001	845.9000000000001	883.0	709.2	283.1	159.0	190.9	835.5	1076.8	903.0	1118.6000000000001	994.5	920.7	1036.8	981.6	1134.1000000000001	870254.713	1029.100015	777.100011
301	871138.8	1013.7	983.7	146.1	298.6	711.9000000000001	832.8000000000001	867.6	715.1	299.5	183.4	193.8	819.9000000000001	1031.4	878.9000000000001	1119.4	1003.3000000000001	905.7	1026.6000000000001	965.1	1133.6000000000001	871283.813	1012.900015	759.500011
302	872152.5	999.8000000000001	1041.8	145.20000000000002	313.70000000000005	742.6	859.7	854.6	686.1	271.8	150.9	163.8	836.0	1060.4	891.9000000000001	1107.8	986.9000000000001	906.4000000000001	1023.5	992.0	1171.2	872296.713	1010.500015	760.800012
303	873152.3	1019.6	1009.4000000000001	156.0	335.20000000000005	706.3000000000001	826.3000000000001	863.6	684.4000000000001	299.2	182.10000000000002	205.8	813.8000000000001	1059.2	880.0	1113.0	995.9000000000001	912.1	1032.1000000000001	961.2	1114.9	873307.213	1011.000015	755.900012
304	874171.9	1038.5	1062.7	147.4	301.1	724.7	851.1	891.1	737.4000000000001	303.1	183.10000000000002	195.60000000000002	842.9000000000001	1110.9	957.2	1146.0	1026.0	920.3000000000001	1046.7	982.0	1149.7	874318.213	1030.100016	772.800012
305	875210.4	1019.9000000000001	973.5	139.1	306.8	685.2	804.1	880.8000000000001	713.1	338.0	211.60000000000002	219.8	800.1	1054.2	886.5	1138.1000000000001	1011.7	905.0	1023.9000000000001	934.7	1130.0	875348.313	1015.500015	765.900011
306	876230.3	895.5	908.1	134.6	329.90000000000003	615.1	734.8000000000001	760.9000000000001	565.6	288.3	169.4	173.4	722.1	946.9000000000001	751.6	1010.4000000000001	891.5	788.5	908.2	845.3000000000001	1032.1000000000001	876363.8131	884.100013	653.70001
307	877125.8	718.8000000000001	747.6	123.2	310.0	428.6	542.5	595.6	408.8	293.0	173.3	186.0	532.8000000000001	810.4000000000001	623.6	825.8000000000001	706.1	614.6	728.5	638.1	814.6	877247.9131	701.00001	491.200007
308	877844.6000000001	685.9000000000001	650.6	105.30000000000001	281.8	367.6	481.20000000000005	580.6	404.1	319.0	205.10000000000002	214.8	471.1	760.1	583.6	790.1	676.2	582.4	696.0	587.3000000000001	744.1	877948.9131	696.700011	476.900008
309	878530.5	859.8000000000001	868.5	116.2	273.0	574.5	691.4000000000001	743.6	586.8000000000001	283.0	169.4	179.5	680.3000000000001	931.8000000000001	775.0	963.3000000000001	849.7	754.0	870.9000000000001	817.6	978.7	878645.6131	881.000013	637.600009
310	879390.3	922.7	895.4000000000001	137.3	298.40000000000003	626.4000000000001	741.3000000000001	785.4000000000001	624.3000000000001	294.0	177.10000000000002	188.20000000000002	734.5	946.3000000000001	785.2	1028.5	911.6	814.6	929.5	854.8000000000001	1047.8	879526.6131	905.700013	677.00001
