#burst	Time	Periodo Hlp(ms)	Periodo Hpd(ms)	Intervalo HlpFSlp(ms)	Intervalo HlpLSlp(ms)	Intervalo HpdFSpd(ms)	Intervalo HpdLSpd(ms)	Intervalo FSlpHlp(ms)	Intervalo LSlpHlp(ms)	Intervalo FSpdHpd(ms)	Intervalo LSpdHpd(ms)	Intervalo HlpHpd(ms)	Intervalo HpdHlp(ms)	Intervalo FSlpHpd(ms)	Intervalo LSlpHpd(ms)	Intervalo FSpdHlp(ms)	Intervalo LSpdHlp(ms)	Intervalo HlpFSpd(ms)	Intervalo HlpLSpd(ms)	Intervalo HpdFSlp(ms)	Intervalo HpdLSlp(ms)	t1LP	fst2fstLP	LPPD1spkperiod
0	293931.4	732.1	735.0	120.0	284.40000000000003	469.40000000000003	587.8000000000001	612.1	447.70000000000005	270.0	150.5	159.3	572.8000000000001	774.3000000000001	609.9	842.8000000000001	723.3000000000001	628.7	747.1	681.5	840.7	294050.4044	720.70001	508.600007
1	294663.5	680.7	696.0	108.7	267.90000000000003	417.6	535.4	572.0	412.8	265.6	147.20000000000002	162.20000000000002	518.5	749.5	590.3000000000001	784.1	665.7	579.8000000000001	697.6	624.5	782.4000000000001	294771.1044	678.100011	471.100007
2	295344.2	751.4000000000001	815.1	106.0	263.90000000000003	463.8	583.4	645.4000000000001	487.5	278.40000000000003	160.60000000000002	177.5	573.9	886.6	728.7	852.3000000000001	734.5	641.3000000000001	760.9000000000001	680.9000000000001	848.3000000000001	295449.2044	752.300011	535.100008
3	296095.60000000003	875.9000000000001	804.1	107.0	274.40000000000003	527.4	642.4000000000001	768.9000000000001	601.5	351.3	231.70000000000002	241.20000000000002	634.7	938.3000000000001	770.9000000000001	986.0	866.4000000000001	768.6	883.6	762.8000000000001	921.9000000000001	296201.5044	897.100013	661.50001
4	296971.5	971.3000000000001	984.6	128.1	287.2	691.3000000000001	807.1	843.2	684.1	276.7	161.70000000000002	169.4	801.9000000000001	1025.9	866.8000000000001	1078.6000000000001	963.6	860.7	976.5	937.9000000000001	1100.8	297098.6044	979.100015	732.400011
5	297942.8	1032.9	1047.0	136.0	298.90000000000003	763.8000000000001	875.5	896.9000000000001	734.0	293.3	177.5	182.70000000000002	850.2	1093.7	930.8000000000001	1143.5	1027.7	946.5	1058.2	1003.8000000000001	1153.9	298077.7044	1050.500015	810.400012
6	298975.7	999.2	992.2	153.60000000000002	303.7	711.4000000000001	827.0	845.6	695.5	283.2	171.5	196.8	802.4000000000001	1035.4	885.3000000000001	1085.6000000000001	973.9000000000001	908.2	1023.8000000000001	948.3000000000001	1099.8	299128.2045	991.600015	754.400012
7	299974.9	980.2	965.5	145.9	297.40000000000003	679.0	797.0	834.3000000000001	682.8000000000001	280.8	165.20000000000002	189.8	790.4000000000001	1009.4000000000001	857.9000000000001	1071.2	955.6	868.8000000000001	986.8000000000001	917.6	1077.9	300119.8045	961.500014	722.700011
8	300955.10000000003	900.2	884.5	127.2	287.5	610.5	729.3000000000001	773.0	612.7	286.5	168.5	175.10000000000002	725.1	932.4000000000001	772.1	1011.6	893.6	785.6	904.4000000000001	844.3000000000001	1044.9	301081.3045	892.100014	658.20001
9	301855.3	777.6	801.9000000000001	119.2	319.8	505.20000000000005	621.6	658.4000000000001	457.8	274.0	155.20000000000002	159.4	618.2	842.1	641.5	892.2	773.4000000000001	664.6	781.0	721.4000000000001	888.9000000000001	301973.4045	761.700011	545.400008
10	302632.9	701.5	695.5	103.2	270.7	408.8	523.7	598.3000000000001	430.8	296.7	180.3	183.70000000000002	517.8000000000001	776.0	608.5	814.5	698.1	592.5	707.4000000000001	615.9000000000001	780.7	302735.1045	696.30001	489.000007
11	303334.4	685.9000000000001	664.5	98.10000000000001	262.90000000000003	400.1	521.4	587.8000000000001	423.0	286.7	171.8	177.70000000000002	508.20000000000005	744.1	579.3000000000001	794.9000000000001	680.0	577.8000000000001	699.1	627.9000000000001	810.3000000000001	303431.4045	707.400011	479.700008
12	304020.3	972.8000000000001	998.5	119.7	302.1	712.4000000000001	829.9000000000001	853.1	670.7	264.40000000000003	143.1	156.3	816.5	1035.1000000000001	852.7	1080.9	959.6	868.7	986.2	958.5	1120.7	304138.8045	995.300015	749.000011
13	304993.10000000003	1058.0	1047.3	142.0	304.2	764.7	886.1	916.0	753.8000000000001	286.1	168.60000000000002	182.0	876.0	1087.3	925.1	1162.1000000000001	1044.6000000000001	946.7	1068.1000000000001	1006.3000000000001	1168.9	305134.1045	1046.200015	804.500012
14	306051.10000000003	1020.7	1035.2	130.3	292.90000000000003	736.1	858.1	890.4000000000001	727.8000000000001	282.6	161.20000000000002	171.3	849.4000000000001	1076.2	913.6	1132.0	1010.6	907.4000000000001	1029.4	988.4000000000001	1153.6000000000001	306180.3046	1029.500016	777.000012
15	307071.8	1099.8	1120.8	139.0	304.2	823.2	937.8000000000001	960.8000000000001	795.6	299.1	177.10000000000002	185.8	914.0	1167.6000000000001	1002.4000000000001	1213.1000000000001	1091.1000000000001	1009.0	1123.6000000000001	1076.6000000000001	1243.9	307209.8046	1123.300017	869.800013
16	308171.60000000003	1043.6000000000001	1013.2	162.60000000000002	329.90000000000003	723.8000000000001	847.8000000000001	881.0	713.7	297.6	183.0	206.8	836.8000000000001	1057.4	890.1	1134.4	1019.8000000000001	930.6	1054.6000000000001	968.7	1129.7	308333.1046	1013.000015	768.000011
17	309215.2	894.6	908.7	131.9	292.90000000000003	608.8000000000001	727.4000000000001	762.7	601.7	289.40000000000003	165.4	176.4	718.2	953.2	792.2	1007.6	883.6	785.2	903.8000000000001	840.7	1039.6000000000001	309346.1046	885.200013	653.200009
18	310109.8	914.1	912.0	122.5	321.40000000000003	612.9	729.2	791.6	592.7	299.90000000000003	181.3	190.5	723.6	980.0	781.1	1023.5	904.9000000000001	803.4000000000001	919.7	842.7	1021.0	310231.3046	910.600013	680.80001
19	311023.9	779.2	799.0	119.10000000000001	297.40000000000003	482.8	601.9	660.1	481.8	299.1	182.8	188.4	590.8000000000001	868.3000000000001	690.0	889.9000000000001	773.6	671.2	790.3000000000001	688.3000000000001	865.2	311141.9046	757.600012	552.000009
20	311803.10000000003	668.1	608.6	97.5	274.40000000000003	354.8	469.1	570.6	393.70000000000005	316.20000000000005	197.10000000000002	208.20000000000002	459.90000000000003	719.3000000000001	542.4	776.1	657.0	563.0	677.3000000000001	555.5	712.5	311899.5046	666.30001	465.500007
21	312471.2	735.5	809.3000000000001	95.60000000000001	252.60000000000002	479.70000000000005	597.3000000000001	639.9000000000001	482.90000000000003	253.8	139.5	148.70000000000002	586.8000000000001	862.4000000000001	705.4000000000001	840.6	726.3000000000001	628.4000000000001	746.0	705.5	891.3000000000001	312565.8047	758.500011	532.700008
22	313206.7	919.4000000000001	839.1	118.7	304.5	581.9	703.9000000000001	800.7	614.9000000000001	329.6	212.0	222.5	696.9000000000001	942.9000000000001	757.1	1026.5	908.9000000000001	804.4000000000001	926.4000000000001	819.7	996.6	313324.3047	923.500014	685.70001
23	314126.10000000003	960.3000000000001	992.4000000000001	122.80000000000001	299.7	709.8000000000001	826.9000000000001	837.5	660.6	257.2	135.20000000000002	142.20000000000002	818.1	1011.8000000000001	834.9000000000001	1075.3	953.3000000000001	852.0	969.1	951.9000000000001	1114.4	314247.8047	971.300014	729.200011
24	315086.4	940.5	910.1	133.8	296.3	651.4000000000001	769.8000000000001	806.7	644.2	282.6	165.5	174.3	766.2	950.6	788.1	1048.8	931.7	825.7	944.1	908.8000000000001	1055.3	315219.1047	949.300014	691.90001
25	316026.9	958.4000000000001	1008.7	142.6	289.1	722.9000000000001	839.0	815.8000000000001	669.3000000000001	258.7	140.3	143.9	814.5	1010.0	863.5	1073.2	954.8000000000001	866.8000000000001	982.9000000000001	965.3000000000001	1121.8	316168.4047	966.600015	724.100011
26	316985.30000000005	960.1	939.6	150.8	307.3	654.6	773.2	809.3000000000001	652.8000000000001	285.8	169.70000000000002	194.20000000000002	765.9000000000001	983.0	826.5	1051.7	935.6	848.8000000000001	967.4000000000001	895.7	1039.6000000000001	317135.0047	939.200014	698.00001
27	317945.4	964.7	957.8000000000001	129.8	273.7	681.6	799.4000000000001	834.9000000000001	691.0	285.0	166.4	173.70000000000002	791.0	1001.7	857.8000000000001	1076.0	957.4000000000001	855.3000000000001	973.1	918.9000000000001	1104.7	318074.2047	962.800014	725.30001
28	318910.10000000003	953.5	974.1	127.9	313.70000000000005	675.6	793.4000000000001	825.6	639.8000000000001	276.2	158.4	166.8	786.7	1013.0	827.2	1062.9	945.1	842.4000000000001	960.2	907.1	1061.0	319037.0048	945.900014	714.300011
29	319863.60000000003	714.6	728.9000000000001	120.4	274.3	422.5	537.5	594.2	440.3	298.5	180.70000000000002	187.4	527.2	795.9000000000001	642.0	825.7	707.9000000000001	609.9	724.9000000000001	629.1	790.2	319982.9048	696.10001	489.500007
30	320578.2	685.1	670.6	101.9	263.0	380.0	496.70000000000005	583.2	422.1	306.40000000000003	191.4	201.70000000000002	483.40000000000003	770.4000000000001	609.3000000000001	789.8000000000001	674.8000000000001	581.7	698.4000000000001	601.4	785.0	320679.0048	701.200011	479.800008
31	321263.30000000005	963.0	957.3000000000001	118.0	301.6	665.8000000000001	789.5	845.0	661.4000000000001	290.6	173.9	187.20000000000002	775.8000000000001	1026.5	842.9000000000001	1066.4	949.7	853.0	976.7	913.7	1062.9	321380.2048	982.900015	734.800011
32	322226.30000000005	1019.0	1053.2	137.9	287.1	728.2	845.9000000000001	881.1	731.9000000000001	291.5	167.8	181.5	837.5	1096.8	947.6	1129.0	1005.3000000000001	909.7	1027.4	982.6	1135.2	322363.1048	1026.300015	771.800011
33	323245.30000000005	970.9000000000001	965.0	145.1	297.7	665.3000000000001	783.8000000000001	825.8000000000001	673.2	325.0	207.3	215.70000000000002	755.2	1035.6000000000001	883.0	1080.2	962.5	881.0	999.5	924.6	1071.2	323389.4048	995.200015	735.700011
34	324216.2	1043.9	1034.9	169.4	316.0	707.9000000000001	825.5	874.5	727.9000000000001	299.7	181.20000000000002	209.8	834.1	1075.3	928.7	1133.8	1015.3000000000001	917.7	1035.3	963.8000000000001	1154.9	324384.6048	1004.100015	748.100011
35	325260.10000000003	960.9000000000001	961.0	129.70000000000002	320.8	651.6	767.1	831.2	640.1	327.0	209.4	200.8	760.1	1032.1000000000001	841.0	1087.1000000000001	969.5	852.4000000000001	967.9000000000001	888.4000000000001	1075.9	325388.7048	959.500014	722.60001
36	326221.0	853.7	794.6	128.3	315.8	540.1	659.6	725.4000000000001	537.9	309.40000000000003	193.9	200.9	652.8000000000001	867.2	679.7	962.2	846.7	741.0	860.5	761.5	943.3000000000001	326348.2049	834.100012	612.700009
37	327074.7	667.6	759.1	108.7	290.5	441.90000000000003	554.3000000000001	558.9	377.1	254.5	135.0	141.8	525.8000000000001	792.2	610.4	780.3000000000001	660.8000000000001	583.7	696.1	647.7	813.9000000000001	327182.3049	680.900011	475.000007
38	327742.30000000005	696.5	638.1	121.9	288.1	351.70000000000005	471.70000000000005	574.6	408.40000000000003	317.20000000000005	204.8	233.3	463.20000000000005	749.5	583.3000000000001	780.4000000000001	668.0	585.0	705.0	572.8000000000001	736.4000000000001	327863.2049	684.20001	462.900006
39	328438.80000000005	883.9000000000001	848.2	109.60000000000001	273.2	598.6	721.1	774.3000000000001	610.7	286.40000000000003	166.4	174.9	709.0	913.5	749.9000000000001	995.4000000000001	875.4000000000001	773.5	896.0	844.3000000000001	1003.4000000000001	328547.4049	909.600013	663.70001
40	329322.7	1020.8000000000001	1049.6000000000001	135.3	294.40000000000003	768.5	888.0	885.5	726.4000000000001	249.60000000000002	127.10000000000001	139.20000000000002	881.6	1053.5	894.4000000000001	1131.2	1008.7	907.7	1027.2	1006.7	1201.9	329457.0049	1010.500015	772.200012
41	330343.5	1000.2	1012.4000000000001	125.10000000000001	320.3	717.7	836.3000000000001	875.1	679.9000000000001	281.1	161.60000000000002	168.0	832.2	1055.3	860.1	1113.3	993.8000000000001	885.7	1004.3000000000001	968.4000000000001	1114.3	330467.5049	1011.300015	760.400012
42	331343.7	1040.9	1007.7	136.20000000000002	282.1	751.3000000000001	871.0	904.7	758.8000000000001	294.7	176.10000000000002	180.20000000000002	860.7	1051.7	905.8000000000001	1155.4	1036.8	931.5	1051.2	999.1	1155.5	331478.8049	1043.100016	795.100012
43	332384.60000000003	1054.4	1088.0	138.4	294.8	795.9000000000001	914.6	916.0	759.6	256.40000000000003	136.70000000000002	147.0	907.4000000000001	1096.6000000000001	940.2	1163.8	1044.1000000000001	942.9000000000001	1061.6000000000001	1041.0	1186.8	332521.905	1049.700016	804.400012
44	333439.0	1003.5	997.8000000000001	133.6	279.40000000000003	710.8000000000001	830.4000000000001	869.9000000000001	724.1	292.1	173.4	180.60000000000002	822.9000000000001	1044.8	899.0	1115.0	996.3000000000001	891.4000000000001	1011.0	955.1	1146.7	333571.605	1002.000015	757.600011
45	334442.5	1059.9	1047.8	132.20000000000002	323.8	771.9000000000001	891.0	927.7	736.1	287.0	167.4	174.9	885.0	1090.5	898.9000000000001	1172.0	1052.4	946.8000000000001	1065.9	1007.5	1167.7	334573.605	1050.100015	814.600012
46	335502.4	772.9000000000001	832.7	122.5	282.7	510.5	622.4000000000001	650.4000000000001	490.20000000000005	275.90000000000003	156.8	162.8	610.1	873.0	712.8000000000001	886.0	766.9000000000001	673.3000000000001	785.2	719.4000000000001	906.4000000000001	335623.705	759.700012	550.900008
47	336275.30000000005	727.5	696.1	109.30000000000001	296.3	394.3	511.3	618.2	431.20000000000005	322.20000000000005	210.3	222.60000000000002	504.90000000000003	809.4000000000001	622.4000000000001	827.1	715.2	616.9000000000001	733.9000000000001	605.7	769.3000000000001	336383.405	719.20001	507.600007
48	337002.80000000005	878.0	886.8000000000001	100.80000000000001	264.40000000000003	581.5	700.6	777.2	613.6	301.8	184.8	191.20000000000002	686.8000000000001	977.2	813.6	988.6	871.6	772.7	891.8000000000001	816.6	993.8000000000001	337102.605	907.000014	671.60001
49	337880.80000000005	934.9000000000001	891.5	129.8	307.0	621.5	741.6	805.1	627.9000000000001	305.3	186.20000000000002	200.0	734.9000000000001	961.7	784.5	1040.2	921.1	821.5	941.6	850.2	1031.3	338009.605	920.300013	691.50001
50	338815.7	890.4000000000001	985.1	115.30000000000001	296.40000000000003	644.4000000000001	760.9000000000001	775.1	594.0	270.0	149.9	156.60000000000002	733.8000000000001	1026.4	845.3000000000001	1003.8000000000001	883.7	801.0	917.5	875.6	1054.2	338929.9051	916.900014	685.600011
51	339706.10000000003	894.4000000000001	860.1	141.8	320.40000000000003	554.2	670.8000000000001	752.6	574.0	340.70000000000005	224.20000000000002	251.3	643.1	969.6	791.0	983.8000000000001	867.3000000000001	805.5	922.1	792.1	975.2	339846.8051	901.600014	663.60001
52	340600.5	1019.8000000000001	1026.1000000000001	149.0	332.1	688.4000000000001	809.0	870.8000000000001	687.7	305.90000000000003	189.3	217.0	802.8000000000001	1094.1000000000001	911.0	1108.7	992.1	905.4000000000001	1026.0	939.2	1101.1000000000001	340748.4051	1007.300015	756.300011
53	341620.30000000005	999.5	962.9000000000001	136.4	298.3	662.8000000000001	784.3000000000001	863.1	701.2	337.70000000000005	217.10000000000002	223.3	776.2	1049.8	887.9000000000001	1113.9	993.3000000000001	886.1	1007.6	917.3000000000001	1081.6000000000001	341755.7051	1004.100015	749.500011
54	342619.80000000005	999.7	1020.3000000000001	141.1	305.40000000000003	697.1	818.0	858.6	694.3000000000001	300.1	178.60000000000002	186.70000000000002	813.0	1065.9	901.6	1113.1000000000001	991.6	883.8000000000001	1004.7	944.2	1144.7	342759.8051	989.900014	742.500011
55	343619.5	1054.5	994.9000000000001	131.20000000000002	331.70000000000005	734.9000000000001	854.4000000000001	923.3000000000001	722.8000000000001	323.20000000000005	202.3	207.3	847.2	1071.0	870.5	1170.4	1049.5	942.2	1061.7	964.6	1112.8	343749.7051	1040.700016	810.800012
56	344674.0	739.4000000000001	775.6	117.4	265.6	477.6	596.7	622.0	473.8	260.0	140.5	147.70000000000002	591.7	805.9000000000001	657.7	851.7	732.2	625.3000000000001	744.4000000000001	691.9000000000001	872.0	344790.4051	722.100011	507.800007
57	345413.4	736.4000000000001	777.7	100.2	280.3	438.0	563.6	636.2	456.1	298.0	178.9	183.9	552.5	861.4000000000001	681.3000000000001	850.5	731.4000000000001	621.9000000000001	747.5	674.0	861.5	345512.5051	757.700011	521.600007
58	346149.80000000005	1028.2	982.4000000000001	121.5	309.0	691.8000000000001	817.0	906.7	719.2	339.70000000000005	214.10000000000002	225.20000000000002	803.0	1086.1000000000001	898.6	1142.7	1017.1	917.0	1042.2	934.6	1116.1000000000001	346270.2052	1038.300015	795.400012
59	347178.0	1072.0	1049.2	131.6	313.1	778.6	904.4000000000001	940.4000000000001	758.9000000000001	290.6	165.4	179.4	892.6	1097.0	915.5	1183.2	1058.0	958.0	1083.8	1041.4	1197.7	347308.5052	1089.300017	826.300013
60	348250.0	1122.7	1124.5	148.8	305.1	853.1	981.2	973.9000000000001	817.6	270.6	144.8	156.60000000000002	966.1	1132.3	976.0	1236.7	1110.9	1009.7	1137.8	1116.4	1282.6000000000001	348397.8052	1124.100016	860.700012
61	349372.7	1052.3	1079.1000000000001	150.3	316.5	772.4000000000001	901.0	902.0	735.8000000000001	271.40000000000003	143.3	158.4	893.9000000000001	1087.2	921.0	1165.3	1037.2	930.8000000000001	1059.4	1037.8	1195.8	349521.9052	1045.900016	780.300012
62	350425.0	1004.8000000000001	990.6	143.9	301.90000000000003	705.5	825.1	860.9000000000001	702.9000000000001	306.7	178.10000000000002	185.20000000000002	819.6	1031.9	873.9000000000001	1126.3	997.7	890.7	1010.3000000000001	951.0	1146.5	350567.8052	992.400015	746.800011
63	351429.80000000005	966.3000000000001	996.6	131.4	326.90000000000003	707.7	833.9000000000001	834.9000000000001	639.4000000000001	285.1	165.5	171.0	795.3000000000001	1036.2	840.7	1080.4	960.8000000000001	878.7	1004.9000000000001	956.4000000000001	1111.7	351560.2052	996.000014	747.000011
64	352396.10000000003	1118.2	1112.4	161.10000000000002	316.40000000000003	804.6	929.2	957.1	801.8000000000001	288.90000000000003	162.70000000000002	201.3	916.9000000000001	1152.6000000000001	997.3000000000001	1205.8	1079.6000000000001	1005.9000000000001	1130.5	1059.4	1255.9	352556.2053	1099.400017	844.500013
65	353514.30000000005	1090.8	1043.5	142.5	339.0	776.9000000000001	898.4000000000001	948.3000000000001	751.8000000000001	307.8	183.20000000000002	195.5	895.3000000000001	1096.5	900.0	1203.1000000000001	1078.5	972.4000000000001	1093.9	1035.0	1197.8	353655.6053	1088.100016	829.900012
66	354605.10000000003	1136.4	1180.1000000000001	139.70000000000002	302.5	868.1	992.3000000000001	996.7	833.9000000000001	266.6	145.1	148.20000000000002	988.2	1188.6000000000001	1025.8	1254.8000000000002	1133.3	1016.3000000000001	1140.5	1137.7	1314.7	354743.7053	1146.200017	876.500013
67	355741.5	1079.8	1071.8	149.5	326.5	770.1	903.7	930.3000000000001	753.3000000000001	312.0	187.8	191.9	887.9000000000001	1114.2	937.2	1199.9	1075.7	962.0	1095.6000000000001	1028.3	1194.9	355889.9053	1070.800016	812.300012
68	356821.30000000005	968.2	990.2	140.4	307.0	672.9000000000001	792.7	827.8000000000001	661.2	301.7	168.10000000000002	183.9	784.3000000000001	1033.7	867.1	1086.0	952.4000000000001	856.8000000000001	976.6	904.2	1086.5	356960.7053	947.600014	716.300011
69	357789.5	737.2	674.8000000000001	119.9	302.2	429.70000000000005	543.7	617.3000000000001	435.0	317.3	197.5	205.9	531.3000000000001	760.8000000000001	578.5	848.6	728.8000000000001	635.6	749.6	640.7	806.1	357908.3053	726.700011	515.600008
70	358526.7	742.9000000000001	756.2	109.4	274.8	482.90000000000003	606.0	633.5	468.1	245.10000000000002	131.1	143.5	599.4	790.3000000000001	624.9000000000001	844.5	730.5	626.4000000000001	749.5	713.2	867.1	358635.0053	747.300011	516.900008
71	359269.60000000003	1009.1	1027.4	113.80000000000001	267.7	739.4000000000001	866.3000000000001	895.3000000000001	741.4000000000001	273.3	150.20000000000002	156.8	852.3000000000001	1070.4	916.5	1125.6000000000001	1002.5	896.2	1023.1	984.9000000000001	1157.4	359382.3054	1027.900016	782.300012
72	360278.7	1107.3	1078.0	132.6	305.1	821.6	943.8000000000001	974.7	802.2	288.0	161.10000000000002	175.10000000000002	932.2	1120.5	948.0	1220.2	1093.3	996.7	1118.9	1069.2	1234.8000000000002	360410.2054	1111.700016	863.900012
73	361386.0	1033.1000000000001	1073.7	137.0	302.6	769.2	891.2	896.1	730.5	256.40000000000003	134.20000000000002	145.8	887.3000000000001	1082.5	916.9000000000001	1143.7	1021.5	915.0	1037.0	1022.1	1210.4	361521.9054	1030.800015	777.900012
74	362419.10000000003	1072.6000000000001	1066.7	134.8	323.1	774.6	893.3000000000001	937.8000000000001	749.5	304.5	182.5	186.4	886.2	1118.3	930.0	1190.7	1068.7	961.0	1079.7	1019.8000000000001	1179.3	362552.7054	1071.600016	826.200013
75	363491.7	1014.2	1000.4000000000001	133.6	293.1	716.4000000000001	837.1	880.6	721.1	292.1	173.4	180.5	833.7	1047.3	887.8000000000001	1125.8	1007.1	896.9000000000001	1017.6	960.3000000000001	1158.1000000000001	363624.3054	1007.100015	763.100012
76	364505.9	1057.3	1070.6000000000001	126.60000000000001	324.40000000000003	773.3000000000001	893.6	930.7	732.9000000000001	284.0	163.3	166.70000000000002	890.6	1110.7	912.9000000000001	1174.6000000000001	1053.9	940.0	1060.3	1012.0	1202.4	364631.4054	1052.000016	813.300013
77	365563.2	786.1	791.1	121.4	311.8	492.8	609.0	664.7	474.3	297.3	177.0	180.0	606.1	849.7	659.3000000000001	903.4000000000001	783.1	672.8000000000001	789.0	707.2	878.7	365683.4054	765.800012	551.400008
78	366349.30000000005	715.4000000000001	692.7	101.10000000000001	272.6	423.8	541.7	614.3000000000001	442.8	298.3	182.10000000000002	185.0	530.4	776.6	605.1	828.7	712.5	608.8000000000001	726.7	651.6	835.5	366449.2055	735.70001	507.700007
79	367064.7	1065.0	1089.4	121.2	305.1	792.5	919.3000000000001	943.8000000000001	759.9000000000001	268.90000000000003	151.0	162.3	902.7	1130.5	946.6	1171.6000000000001	1053.7	954.8000000000001	1081.6000000000001	1045.9	1232.6000000000001	367184.9055	1086.900017	833.300013
80	368129.7	1057.5	1021.5	143.20000000000002	329.90000000000003	748.4000000000001	867.1	914.3000000000001	727.6	296.90000000000003	170.10000000000002	186.70000000000002	870.8000000000001	1065.0	878.3000000000001	1167.7	1040.9	935.1	1053.8	1015.2	1185.7	368271.8055	1058.700015	791.900011
81	369187.2	1055.0	1061.7	144.4	314.90000000000003	789.9000000000001	912.0	910.6	740.1	273.1	154.4	150.70000000000002	904.3000000000001	1068.0	897.5	1177.4	1058.7	940.6	1062.7	1054.2	1214.8	369330.5055	1060.500016	796.100012
82	370242.2	1024.5	1099.1000000000001	149.9	310.5	752.8000000000001	873.1	874.6	714.0	271.8	149.70000000000002	157.4	867.1	1106.6000000000001	946.0	1138.9	1016.8000000000001	910.2	1030.5	993.6	1185.5	370391.0055	1001.100015	760.100012
83	371266.7	1010.5	914.4000000000001	126.5	318.40000000000003	659.6	777.8000000000001	884.0	692.1	346.3	226.0	232.0	778.5	1019.9000000000001	828.0	1124.8	1004.5	891.6	1009.8000000000001	906.7	1081.7	371392.1055	1012.200015	765.000012
84	372277.2	890.0	913.0	128.20000000000002	303.2	643.9000000000001	760.4000000000001	761.8000000000001	586.8000000000001	254.8	136.6	135.9	754.1	920.7	745.7	1008.9000000000001	890.7	779.8000000000001	896.3000000000001	858.9000000000001	1028.3	372404.3055	866.600013	651.50001
85	373167.2	693.9000000000001	696.5	104.80000000000001	274.2	426.6	543.3000000000001	589.1	419.70000000000005	269.1	152.6	158.9	535.0	750.6	581.2	804.1	687.6	585.5	702.2	640.4000000000001	800.3000000000001	373270.9056	694.500011	480.600007
86	373861.10000000003	766.5	766.9000000000001	105.4	265.3	498.90000000000003	615.4000000000001	661.1	501.20000000000005	269.90000000000003	153.20000000000002	161.5	605.0	823.0	663.1	874.9000000000001	758.2	660.4000000000001	776.9000000000001	730.2	904.2	373965.4056	786.400011	554.900008
87	374627.60000000003	873.8000000000001	876.7	125.2	299.2	603.3000000000001	723.1	748.6	574.6	268.0	151.5	161.9	711.9000000000001	913.4000000000001	739.4000000000001	979.9000000000001	863.4000000000001	765.2	885.0	834.0	1016.8000000000001	374751.8056	870.700013	639.90001
88	375501.4	890.1	911.2	122.10000000000001	304.90000000000003	615.1	739.6	768.0	585.2	273.40000000000003	153.60000000000002	164.8	725.3000000000001	953.9000000000001	771.1	998.7	878.9000000000001	779.9000000000001	904.4000000000001	844.2	1037.5	375622.5056	886.800013	657.60001
89	376391.5	935.4000000000001	911.1	118.9	312.20000000000005	648.0	767.1	816.5	623.2	296.1	171.60000000000002	185.9	749.5	978.1	784.8000000000001	1045.6000000000001	921.1	833.9000000000001	953.0	870.1	1052.2	376509.3056	937.100014	714.900011
90	377326.9	890.8000000000001	936.1	120.60000000000001	302.7	622.7	743.4000000000001	770.2	588.1	263.1	144.0	161.60000000000002	729.2	977.1	795.0	992.3000000000001	873.2	784.3000000000001	905.0	857.9000000000001	1046.2	377446.4056	898.900014	663.60001
91	378217.7	908.9000000000001	889.0	128.70000000000002	317.0	599.3000000000001	724.0	780.2	591.9	313.40000000000003	192.70000000000002	206.9	702.0	967.2	778.9000000000001	1015.4000000000001	894.7	806.2	930.9000000000001	844.7	1026.1000000000001	378345.3056	922.800014	677.40001
92	379126.60000000003	993.7	981.6	142.70000000000002	324.1	697.9000000000001	818.9000000000001	851.0	669.6	289.7	165.0	187.0	806.7	1025.9	844.5	1096.4	971.7	884.9000000000001	1005.9000000000001	915.7	1065.6000000000001	379268.1057	960.100014	742.200011
93	380120.30000000005	742.3000000000001	764.9000000000001	109.0	258.90000000000003	459.0	577.8000000000001	633.3000000000001	483.40000000000003	283.7	162.70000000000002	174.9	567.4	830.8000000000001	680.9000000000001	851.1	730.1	633.9000000000001	752.7	673.2	867.0	380228.2057	739.100011	524.900008
94	380862.60000000003	772.0	724.8000000000001	105.80000000000001	299.6	462.40000000000003	579.0	666.2	472.40000000000003	305.90000000000003	187.10000000000002	197.5	574.5	816.5	622.7	880.4000000000001	761.6	659.9000000000001	776.5	685.3000000000001	867.0	380967.3057	777.100011	554.100008
95	381634.60000000003	1006.2	1048.8	110.80000000000001	292.5	739.3000000000001	865.3000000000001	895.4000000000001	713.7	262.40000000000003	145.8	150.3	855.9000000000001	1088.3	906.6	1118.3	1001.7	889.6	1015.6	997.0	1162.2	381744.4057	1036.400016	778.600012
96	382640.80000000005	1108.9	1129.6000000000001	141.1	306.3	819.6	943.8000000000001	967.8000000000001	802.6	309.5	183.5	192.9	916.0	1181.4	1016.2	1225.5	1099.5	1012.5	1136.7	1086.4	1251.1000000000001	382780.8057	1138.200017	871.400013
97	383749.7	1055.0	995.9000000000001	170.4	335.1	726.2	848.3000000000001	884.6	719.9000000000001	310.0	185.8	213.60000000000002	841.4000000000001	1039.1000000000001	874.4000000000001	1151.4	1027.2	939.8000000000001	1061.9	985.5	1167.9	383919.0057	1028.700015	769.300011
98	384804.7	1078.2	1085.3	144.1	326.5	793.5	917.6	934.1	751.7	269.7	147.6	154.5	923.7	1095.7	913.3000000000001	1193.4	1071.3	948.0	1072.1000000000001	1043.2	1207.4	384947.7057	1053.600016	803.700012
99	385882.9	1060.0	1073.0	119.5	283.7	785.7	908.4000000000001	940.5	776.3000000000001	291.8	167.70000000000002	161.60000000000002	898.4000000000001	1115.1000000000001	950.9000000000001	1190.2	1066.1000000000001	947.3000000000001	1070.0	1031.1000000000001	1224.4	386001.3058	1073.300016	827.700012
100	386942.9	934.9000000000001	916.3000000000001	132.70000000000002	326.0	636.2	759.8000000000001	802.2	608.9	287.3	164.60000000000002	174.60000000000002	760.3000000000001	958.2	764.9000000000001	1047.6000000000001	924.9000000000001	810.8000000000001	934.4000000000001	877.6	1022.4000000000001	387074.6058	919.400014	677.90001
101	387877.80000000005	779.4000000000001	787.5	117.30000000000001	262.1	521.7	640.6	662.1	517.3000000000001	280.1	156.5	156.0	623.4000000000001	826.2	681.4000000000001	903.5	779.9000000000001	677.7	796.6	732.3000000000001	920.1	387994.0058	771.100011	560.400008
102	388657.2	707.1	780.4000000000001	108.9	296.7	436.70000000000005	555.6	598.2	410.40000000000003	265.8	146.9	164.10000000000002	543.0	835.6	647.8000000000001	808.8000000000001	689.9000000000001	600.8000000000001	719.7	657.1	815.0	388765.1058	712.200011	491.800007
103	389364.30000000005	953.5	865.3000000000001	114.10000000000001	272.0	590.1	714.8000000000001	839.4000000000001	681.5	343.70000000000005	224.8	237.4	716.1	988.6	830.7	1059.8	940.9000000000001	827.5	952.2	827.1	1011.8000000000001	389477.3058	950.600014	713.30001
104	390317.80000000005	989.1	1011.1	111.0	295.7	731.5	849.9000000000001	878.1	693.4000000000001	275.2	150.5	149.20000000000002	839.9000000000001	1049.3	864.6	1115.1000000000001	990.4000000000001	880.7	999.1	965.1	1148.6000000000001	390427.9058	1003.200015	769.500011
105	391306.9	813.4000000000001	845.0	125.2	308.70000000000005	549.3000000000001	674.7	688.2	504.70000000000005	279.6	161.20000000000002	171.20000000000002	642.2	891.0	707.5	921.8000000000001	803.4000000000001	720.5	845.9000000000001	778.5	960.7	391431.1058	824.500012	595.100009
106	392120.30000000005	918.6	882.0	136.3	318.5	604.0	732.9000000000001	782.3000000000001	600.1	295.7	170.3	202.8	715.8000000000001	948.5	766.3000000000001	1011.5	886.1	806.8000000000001	935.7	840.2	993.2	392255.6058	906.700014	670.30001
107	393038.9	1002.6	1053.4	124.4	277.40000000000003	725.1	847.7	878.2	725.2	278.0	149.1	166.20000000000002	836.4000000000001	1095.2	942.2	1114.4	985.5	891.3000000000001	1013.9000000000001	969.4000000000001	1116.9	393162.3059	1011.100015	766.700011
108	394041.5	997.4000000000001	948.5	133.0	280.5	662.2	789.2	864.4000000000001	716.9000000000001	328.3	205.70000000000002	217.0	780.4000000000001	1032.5	885.0	1108.7	986.1	879.2	1006.2	907.2	1053.8	394173.4059	991.300014	746.100011
109	395038.9	982.9000000000001	959.7	126.80000000000001	273.40000000000003	704.8000000000001	822.7	856.1	709.5	286.3	159.3	168.10000000000002	814.8000000000001	1001.0	854.4000000000001	1101.1000000000001	974.1	872.9000000000001	990.8000000000001	927.5	1115.8	395164.7059	968.800015	745.900012
110	396021.80000000005	780.3000000000001	859.8000000000001	112.7	301.0	530.9	649.0	667.6	479.3	254.9	137.0	144.9	635.4000000000001	892.0	703.7	890.3000000000001	772.4000000000001	675.8000000000001	793.9000000000001	743.1	926.8000000000001	396133.5059	775.100011	562.900008
111	396802.10000000003	766.5	725.8000000000001	107.7	291.40000000000003	451.70000000000005	572.9	658.8000000000001	475.1	328.90000000000003	210.8	224.4	542.1	842.5	658.8000000000001	871.0	752.9000000000001	676.1	797.3000000000001	686.2	840.3000000000001	396908.6059	802.900012	568.400009
112	397568.60000000003	1152.3	1179.2	144.1	298.2	882.9000000000001	1006.6	1008.2	854.1	274.1	152.9	183.70000000000002	968.6	1218.8	1064.7	1242.7	1121.5	1066.6000000000001	1190.3	1135.3	1300.7	397711.5059	1175.100018	922.500014
113	398720.9	1017.9000000000001	970.6	166.70000000000002	332.1	716.2	836.4000000000001	851.2	685.8000000000001	296.3	172.60000000000002	210.60000000000002	807.3000000000001	1014.5	849.1	1103.6000000000001	979.9000000000001	926.8000000000001	1047.0	963.2	1134.8	398886.6059	1007.000015	760.000011
114	399738.80000000005	1071.8	1059.0	155.9	327.5	796.4000000000001	918.5	915.9000000000001	744.3000000000001	254.4	134.20000000000002	163.3	908.5	1066.4	894.8000000000001	1162.9	1042.7	959.7	1081.8	1049.2	1218.6000000000001	399893.606	1056.700016	803.800012
115	400810.60000000003	1170.5	1201.6000000000001	140.70000000000002	310.1	904.5	1023.8000000000001	1029.8	860.4000000000001	262.6	140.5	150.5	1020.0	1211.4	1042.0	1282.6000000000001	1160.5	1055.0	1174.3	1162.1000000000001	1314.8000000000002	400950.306	1171.800017	914.100013
116	401981.10000000003	1115.8	1120.1000000000001	142.1	294.8	827.4000000000001	950.1	973.7	821.0	297.1	177.8	181.60000000000002	934.2	1159.6000000000001	1006.9000000000001	1231.3000000000002	1112.0	1009.0	1131.7	1074.1000000000001	1279.4	402122.106	1113.600017	866.800013
117	403096.9	1053.0	1010.7	139.9	345.20000000000005	746.3000000000001	869.3000000000001	913.1	707.8000000000001	292.7	170.0	185.9	867.1	1056.7	851.4000000000001	1159.8	1037.1000000000001	932.2	1055.2	997.5	1163.0	403235.706	1043.400015	792.200011
118	404149.9	900.3000000000001	949.3000000000001	130.4	295.90000000000003	644.8000000000001	768.9000000000001	769.9000000000001	604.4	264.40000000000003	141.4	143.6	756.7	962.5	797.0	1021.1	898.1	788.4000000000001	912.5	866.3000000000001	1047.9	404279.106	879.700013	658.00001
119	405050.2	720.8000000000001	686.5	109.60000000000001	291.2	426.70000000000005	548.8000000000001	611.2	429.6	304.5	180.4	192.60000000000002	528.2	769.5	587.9	832.7	708.6	619.3000000000001	741.4000000000001	647.9000000000001	819.4000000000001	405158.806	730.800011	509.500008
120	405771.0	1056.7	1091.1000000000001	119.7	291.2	792.8000000000001	917.9000000000001	937.0	765.5	259.8	137.70000000000002	158.3	898.4000000000001	1129.7	958.2	1158.2	1036.1000000000001	951.1	1076.2	1046.1000000000001	1217.4	405889.606	1084.700016	831.300013
121	406827.7	1182.8	1176.3	147.70000000000002	319.0	870.1	996.8000000000001	1035.1000000000001	863.8000000000001	298.3	173.20000000000002	192.70000000000002	990.1	1221.3	1050.0	1288.4	1163.3	1062.8	1189.5	1126.5	1299.9	406974.3061	1171.500018	915.100014
122	408010.5	1128.7	1095.0	136.4	309.8	820.8000000000001	946.4000000000001	992.3000000000001	818.9000000000001	306.2	179.5	186.20000000000002	942.5	1144.8	971.4000000000001	1248.7	1122.0	1007.0	1132.6000000000001	1087.1000000000001	1262.0	408145.8061	1136.900017	870.500013
123	409139.2	1108.8	1148.5	144.6	319.5	845.5	972.1	964.2	789.3000000000001	274.2	148.6	152.5	956.3000000000001	1156.4	981.5	1230.5	1104.9	998.0	1124.6000000000001	1111.2	1256.4	409282.7061	1119.100016	853.200013
124	410248.0	1017.3000000000001	971.5	154.9	300.1	714.4000000000001	833.9000000000001	862.4000000000001	717.2	303.0	176.4	192.20000000000002	825.1	1008.8000000000001	863.6	1128.1000000000001	1001.5	906.6	1026.1000000000001	962.5	1150.7	410401.8061	999.800015	751.600012
125	411265.30000000005	979.6	995.1	137.4	325.6	734.2	858.3000000000001	842.2	654.0	257.1	137.6	146.4	833.2	1004.1	815.9000000000001	1090.3	970.8000000000001	880.6	1004.7	964.4000000000001	1149.0	411401.6061	973.500015	743.100011
126	412244.9	745.1	778.1	131.20000000000002	315.8	476.8	593.4	613.9	429.3	260.90000000000003	136.8	161.9	583.2	808.8000000000001	624.2	844.1	720.0	638.7	755.3000000000001	689.5	858.4000000000001	412375.1061	720.100011	507.400007
127	412990.0	699.4000000000001	663.7	106.30000000000001	275.2	396.90000000000003	520.3000000000001	593.1	424.20000000000005	301.3	184.70000000000002	194.9	504.5	752.3000000000001	583.4	805.8000000000001	689.2	591.8000000000001	715.2	625.6	802.0	413095.2062	714.20001	485.500007
128	413689.4	1014.6	1040.6000000000001	121.10000000000001	297.5	737.3000000000001	868.6	893.5	717.1	266.8	143.4	159.20000000000002	855.4000000000001	1078.7	902.3000000000001	1122.2	998.8000000000001	896.5	1027.8	989.5	1172.7	413809.4062	1027.600016	775.200012
129	414704.0	1113.0	1078.6000000000001	134.1	317.3	817.0	939.2	978.9000000000001	795.7	303.3	172.0	185.20000000000002	927.8000000000001	1129.7	946.5	1231.1000000000001	1099.8	1002.2	1124.4	1070.3	1216.0	414837.0062	1121.500016	867.900012
130	415817.0	1045.9	1041.1000000000001	142.5	288.2	778.5	906.6	903.4000000000001	757.7	261.6	139.4	150.8	895.1	1049.4	903.7	1156.7	1034.5	929.3000000000001	1057.4	1032.0	1227.1000000000001	415958.5062	1040.300016	786.600012
131	416862.9	1046.2	1076.0	136.9	332.0	791.2	917.4000000000001	909.3000000000001	714.2	262.6	134.5	146.0	900.2	1085.1000000000001	890.0	1162.8	1034.7	937.2	1063.4	1032.9	1192.1000000000001	416998.8062	1041.900015	800.100012
132	417909.10000000003	991.2	1006.4000000000001	132.70000000000002	291.90000000000003	702.8000000000001	826.5	858.5	699.3000000000001	284.8	158.60000000000002	175.8	815.4000000000001	1049.5	890.3000000000001	1100.2	974.0	878.6	1002.3000000000001	934.7	1106.7	418040.7062	977.800015	745.800011
133	418900.30000000005	821.5	821.7	119.30000000000001	291.3	516.5	635.0	702.2	530.2	303.6	179.9	191.0	630.5	893.4000000000001	721.4000000000001	934.1	810.4000000000001	707.5	826.0	733.6	914.6	419018.5062	805.300012	588.100009
134	419721.80000000005	725.2	752.4000000000001	103.10000000000001	284.1	427.70000000000005	544.7	622.1	441.1	305.2	186.70000000000002	191.20000000000002	534.0	840.5	659.5	839.2	720.7	618.9000000000001	735.9000000000001	635.2	831.7	419823.8063	723.200011	515.700008
135	420447.0	889.6	868.3000000000001	101.2	297.7	580.7	699.7	788.4000000000001	591.9	324.70000000000005	207.70000000000002	218.4	671.2	985.5	789.0	995.9000000000001	878.9000000000001	799.1	918.1	824.8000000000001	974.7	420547.0063	942.100014	698.00001
136	421336.60000000003	1026.8	1003.1	153.60000000000002	303.5	715.2	839.0	873.2	723.3000000000001	287.6	168.60000000000002	197.10000000000002	829.7	1046.6000000000001	896.7	1117.3	998.3000000000001	912.3000000000001	1036.1000000000001	959.6	1122.5	421489.1063	1003.200015	758.700011
137	422363.4	1072.3	1050.7	129.9	292.8	784.9000000000001	905.6	942.4000000000001	779.5	287.90000000000003	164.10000000000002	173.4	898.9000000000001	1094.2	931.3000000000001	1186.8	1063.0	958.3000000000001	1079.0	1044.9	1198.5	422492.3063	1088.300016	828.200012
138	423435.7	1016.0	1059.5	146.0	299.6	748.3000000000001	870.0	870.0	716.4000000000001	265.8	145.1	151.8	864.2	1065.3	911.7	1130.0	1009.3000000000001	900.1	1021.8000000000001	1009.9000000000001	1169.5	423580.6063	1015.500015	754.100011
139	424451.7	1068.8	1038.4	145.70000000000002	305.3	785.4000000000001	904.8000000000001	923.1	763.5	311.20000000000005	189.5	195.3	873.5	1088.0	928.4000000000001	1184.7	1063.0	980.7	1100.1000000000001	1030.6000000000001	1226.4	424596.1063	1080.500016	835.000012
140	425520.5	1040.0	1049.5	157.10000000000002	352.90000000000003	753.2	877.7	882.9000000000001	687.1	253.0	133.6	164.9	875.1	1057.3	861.5	1128.1000000000001	1008.7	918.1	1042.6000000000001	1007.6	1169.3	425676.6063	1015.400015	760.700011
141	426560.5	1057.7	1070.5	132.5	294.2	771.5	892.4000000000001	925.2	763.5	296.3	171.8	174.4	883.3000000000001	1112.4	950.7	1179.6000000000001	1055.1000000000001	945.9000000000001	1066.8	1024.4	1186.0	426692.0064	1066.200016	813.100012
142	427618.2	1086.4	1092.2	141.1	302.7	787.5	914.1	945.3000000000001	783.7	299.0	178.10000000000002	187.20000000000002	899.2	1138.3	976.7	1198.2	1077.3	974.7	1101.3	1049.5	1228.6000000000001	427758.2064	1095.700016	833.500013
143	428704.60000000003	1151.6000000000001	1124.0	150.3	329.40000000000003	845.2	967.2	1001.3000000000001	822.2	304.7	178.10000000000002	193.0	958.6	1166.7	987.6	1263.3000000000002	1136.7	1038.2	1160.2	1105.3	1256.6000000000001	428853.9064	1147.800018	887.800014
144	429856.2	1098.7	1115.7	146.70000000000002	298.0	817.3000000000001	943.5	952.0	800.7	278.8	156.8	165.4	933.3000000000001	1134.4	983.1	1212.1000000000001	1090.1000000000001	982.7	1108.9	1073.2	1269.6000000000001	430001.7064	1091.900016	836.100012
145	430954.9	962.1	941.6	139.9	336.3	666.3000000000001	787.7	822.2	625.8000000000001	298.40000000000003	172.20000000000002	182.4	779.7	984.1	787.7	1078.1000000000001	951.9000000000001	848.7	970.1	887.0	1055.7	431093.6064	929.500014	708.70001
146	431917.0	731.5	742.9000000000001	107.30000000000001	276.0	459.40000000000003	577.8000000000001	624.2	455.5	275.3	153.9	161.9	569.6	797.5	628.8000000000001	844.9000000000001	723.5	621.3000000000001	739.7	677.8000000000001	872.8000000000001	432023.1064	732.400011	514.100007
147	432648.5	865.5	842.4000000000001	108.2	303.2	578.7	708.0	757.3000000000001	562.3000000000001	283.5	165.10000000000002	173.3	692.2	907.5	712.5	975.7	857.3000000000001	752.0	881.3000000000001	832.9000000000001	986.6	432755.5064	898.200013	643.700009
148	433514.0	1133.6000000000001	1138.0	140.70000000000002	294.40000000000003	867.0	989.7	992.9000000000001	839.2	263.7	134.4	150.20000000000002	983.4000000000001	1147.5	993.8000000000001	1247.1000000000001	1117.8	1017.2	1139.9	1130.7	1299.0	433653.7065	1140.200017	876.300013
149	434647.60000000003	1092.7	1134.5	147.3	315.6	816.9000000000001	945.0	945.4000000000001	777.1	271.0	148.3	154.60000000000002	938.1	1141.8	973.5	1209.1000000000001	1086.4	971.5	1099.6000000000001	1083.6000000000001	1255.7	434793.9065	1090.900016	824.000012
150	435740.30000000005	1066.7	1061.1000000000001	145.5	317.6	752.3000000000001	876.3000000000001	921.2	749.1	317.6	189.5	196.4	870.3000000000001	1112.0	939.9000000000001	1187.9	1059.8	948.7	1072.7	1010.7	1181.9	435884.8065	1061.600016	803.000012
151	436807.0	1087.7	1054.7	140.4	311.6	787.7	909.4000000000001	947.3000000000001	776.1	308.8	184.8	190.8	896.9000000000001	1105.1000000000001	933.9000000000001	1205.7	1081.7	978.5	1100.2	1047.0	1229.1000000000001	436946.4065	1097.400016	837.900012
152	437894.7	885.1	904.2	150.1	332.20000000000005	595.9	715.4000000000001	735.0	552.9	267.0	145.3	157.8	727.3000000000001	911.9000000000001	729.8000000000001	994.3000000000001	872.6	753.7	873.2	814.9000000000001	997.1	438043.8065	822.600013	603.500009
153	438779.80000000005	699.3000000000001	737.3000000000001	87.60000000000001	269.8	421.5	538.9	611.7	429.5	308.3	188.8	176.9	522.4	826.6	644.4000000000001	830.7	711.2	598.4	715.8000000000001	631.0	796.6	438866.4065	720.10001	510.600007
154	439479.10000000003	782.7	719.6	108.60000000000001	274.2	461.3	581.7	674.1	508.5	315.8	198.4	214.9	567.8000000000001	825.9000000000001	660.3000000000001	883.6	766.2	676.2	796.6	681.2	857.4000000000001	439586.5066	787.600012	567.600009
155	440261.80000000005	876.1	922.6	113.4	289.6	611.4	737.0	762.7	586.5	258.3	137.9	151.8	724.3000000000001	961.0	784.8000000000001	982.6	862.2	763.2	888.8000000000001	843.6	1034.6000000000001	440374.1066	882.100013	649.70001
156	441137.9	908.7	904.1	119.30000000000001	310.3	595.0	718.2	789.4000000000001	598.4	311.20000000000005	185.60000000000002	198.3	710.4000000000001	983.1	792.1	1021.6	896.0	793.3000000000001	916.5	833.5	1016.5	441256.2066	912.500014	673.90001
157	442046.60000000003	902.3000000000001	866.5	123.10000000000001	306.1	590.5	709.9000000000001	779.2	596.2	309.1	185.9	193.70000000000002	708.6	937.1	754.1	1017.7	894.5	784.2	903.6	823.5	973.6	442168.7066	894.000013	660.90001
158	442948.9	1080.9	1124.1000000000001	114.9	265.0	808.2	935.0	966.0	815.9000000000001	276.0	156.60000000000002	157.9	923.0	1167.1000000000001	1017.0	1199.0	1079.6000000000001	966.1	1092.9	1070.8	1246.4	443062.7066	1113.900017	851.100013
159	444029.80000000005	1060.3	1058.1000000000001	147.8	323.40000000000003	734.5	862.6	912.5	736.9000000000001	315.90000000000003	189.10000000000002	201.10000000000002	859.2	1111.4	935.8000000000001	1175.1000000000001	1048.3	935.6	1063.7	1008.7	1172.5	444176.6066	1062.000016	787.700011
160	445090.10000000003	1024.5	980.8000000000001	149.5	313.3	711.0	832.8000000000001	875.0	711.2	323.6	195.5	198.9	825.6	1030.2	866.4000000000001	1149.2	1021.1	909.9000000000001	1031.7	974.1	1129.4	445238.6066	1023.500015	760.100011
161	446114.60000000003	1075.0	1100.3	148.5	303.8	808.2	929.2	926.5	771.2	269.8	148.0	155.20000000000002	919.8000000000001	1107.0	951.7	1189.6000000000001	1067.8	963.4000000000001	1084.4	1060.6000000000001	1253.8000000000002	446262.1067	1067.200016	814.600012
162	447189.60000000003	1059.6000000000001	1056.7	140.8	334.0	762.5	890.5	918.8000000000001	725.6	292.1	171.10000000000002	180.5	879.1	1096.4	903.2	1171.2	1050.2	943.0	1071.0	997.2	1154.4	447329.3067	1036.900015	802.100012
163	448249.2	735.1	745.0	118.10000000000001	275.3	440.8	559.9	617.0	459.8	294.2	166.20000000000002	177.60000000000002	557.5	804.5	647.3000000000001	851.7	723.7	618.4000000000001	737.5	660.6	841.9000000000001	448366.2067	720.100011	500.200008
164	448984.30000000005	762.1	736.8000000000001	103.10000000000001	284.40000000000003	458.6	578.7	659.0	477.70000000000005	304.2	185.10000000000002	187.5	574.6	821.2	639.9000000000001	878.8000000000001	759.7	646.1	766.2	692.6	830.3000000000001	449086.3067	777.100011	542.900008
165	449746.4	1093.3	1108.7	118.0	255.70000000000002	816.1	941.5	975.3000000000001	837.6	278.2	158.10000000000002	162.20000000000002	931.1	1152.9	1015.2	1209.3	1089.2	978.3000000000001	1103.7	1066.0	1231.1000000000001	449863.4067	1110.100017	860.100013
166	450839.7	1070.1000000000001	1085.1000000000001	134.9	300.0	778.5	899.8000000000001	935.2	770.1	292.6	167.20000000000002	177.60000000000002	892.5	1127.8	962.7	1185.1000000000001	1059.7	956.1	1077.4	1037.4	1204.7	450973.5067	1080.000016	821.100012
167	451909.80000000005	1101.4	1066.2	144.9	312.20000000000005	796.0	919.7	956.5	789.2	306.6	185.3	192.60000000000002	908.8000000000001	1113.9	946.6	1215.4	1094.1000000000001	988.6	1112.3	1059.1000000000001	1229.6000000000001	452053.5067	1106.900017	843.700013
168	453011.2	1172.9	1201.6000000000001	150.3	320.8	895.8000000000001	1021.7	1022.6	852.1	270.2	146.5	157.4	1015.5	1208.7	1038.2	1285.7	1162.0	1053.2	1179.1000000000001	1153.8	1327.9	453160.4068	1160.900017	902.800013
169	454184.10000000003	1112.7	1136.4	138.3	312.40000000000003	816.1	934.9000000000001	974.4000000000001	800.3000000000001	305.8	179.9	186.10000000000002	926.6	1184.2	1010.1	1232.4	1106.5	1002.2	1121.0	1062.7	1210.4	454321.3068	1110.600016	863.700013
170	455296.80000000005	1106.8	1077.7	136.1	283.8	785.8000000000001	904.9000000000001	970.7	823.0	320.3	201.5	209.8	897.0	1151.4	1003.7	1217.3	1098.5	995.6	1114.7	1014.3000000000001	1198.3	455431.9068	1087.900017	859.200013
171	456403.60000000003	818.5	828.6	117.30000000000001	301.3	527.2	643.4000000000001	701.2	517.2	291.90000000000003	172.8	180.70000000000002	637.8000000000001	892.0	708.0	929.7	810.6	707.9000000000001	824.1	743.8000000000001	925.4000000000001	456519.8068	807.200012	590.500008
172	457222.10000000003	803.2	788.8000000000001	106.0	287.6	505.1	624.6	697.2	515.6	301.40000000000003	185.20000000000002	190.8	612.4	873.6	692.0	913.8000000000001	797.6	695.9000000000001	815.4000000000001	740.7	897.6	457327.0068	825.600012	589.700008
173	458025.30000000005	1096.4	1064.1000000000001	128.3	285.2	809.5	933.5	968.1	811.2	283.7	164.20000000000002	176.4	920.0	1112.2	955.3000000000001	1203.7	1084.2	985.9000000000001	1109.9	1069.5	1229.3000000000002	458152.6068	1117.500017	857.300013
174	459121.7	1142.5	1147.5	149.5	309.3	887.1	1008.1	993.0	833.2	254.60000000000002	130.6	144.1	998.4000000000001	1142.1000000000001	982.3000000000001	1253.0	1129.0	1031.2	1152.2	1139.0	1291.8000000000002	459270.1068	1133.700017	881.400013
175	460264.2	1058.8	1072.7	140.6	293.40000000000003	795.6	916.1	918.2	765.4000000000001	260.40000000000003	139.4	149.1	909.7	1081.2	928.4000000000001	1170.1000000000001	1049.1000000000001	944.7	1065.2	1065.8	1228.9	460403.8069	1074.300016	804.000012
176	461323.0	1117.1000000000001	1133.8	156.10000000000002	319.20000000000005	841.6	963.3000000000001	961.0	797.9000000000001	277.1	156.60000000000002	163.0	954.1	1140.7	977.6	1231.2	1110.7	1004.6	1126.3	1089.7	1308.8000000000002	461478.1069	1096.400016	848.300012
177	462440.10000000003	1215.8	1185.1000000000001	135.6	354.70000000000005	914.4000000000001	1037.2	1080.2	861.1	292.2	170.5	179.70000000000002	1036.1000000000001	1229.2	1010.1	1328.3000000000002	1206.6000000000001	1094.1000000000001	1216.9	1169.3	1349.8000000000002	462574.5069	1213.500018	958.500014
178	463655.9	1081.2	1135.8	133.20000000000002	313.70000000000005	835.4000000000001	958.9000000000001	948.0	767.5	270.7	147.9	149.0	932.2	1151.6000000000001	971.1	1202.9	1080.1000000000001	984.4000000000001	1107.9	1084.0	1245.3000000000002	463788.0069	1099.900016	851.100013
179	464737.10000000003	1244.8000000000002	1239.3000000000002	151.8	313.1	923.8000000000001	1047.2	1093.0	931.7	300.40000000000003	176.9	203.60000000000002	1041.2	1291.1000000000001	1129.8	1341.6000000000001	1218.1000000000001	1127.4	1250.8000000000002	1189.8	1351.8000000000002	464887.9069	1241.500019	975.200015
180	465981.9	1172.8	1122.7	148.6	310.6	850.8000000000001	972.7	1024.2	862.2	315.5	192.10000000000002	198.10000000000002	974.7	1172.2	1010.2	1290.2	1166.8	1048.9	1170.8	1111.6000000000001	1280.9	466129.4069	1161.100017	900.100013
181	467154.7	1098.9	1170.9	136.9	306.2	829.6	961.3000000000001	962.0	792.7	271.90000000000003	150.0	148.0	950.9000000000001	1182.0	1012.7	1222.8	1100.9	977.6	1109.3	1086.1000000000001	1251.6000000000001	467290.507	1097.200017	840.500013
182	468253.60000000003	1092.9	1074.5	135.20000000000002	300.7	762.6	883.9000000000001	957.7	792.2	341.3	209.60000000000002	220.0	872.9000000000001	1159.3	993.8000000000001	1214.2	1082.5	982.6	1103.9	990.4000000000001	1180.4	468387.707	1075.300016	847.300012
183	469346.5	786.1	785.5	117.5	307.5	472.0	591.4	668.6	478.6	311.90000000000003	190.60000000000002	201.60000000000002	584.5	869.6	679.6	896.4000000000001	775.1	673.6	793.0	695.9000000000001	877.6	469463.007	779.900011	555.900008
184	470132.60000000003	832.1	807.6	111.4	293.1	517.3000000000001	644.8000000000001	720.7	539.0	313.5	194.10000000000002	201.0	631.1	897.2	715.5	944.6	825.2	718.3000000000001	845.8000000000001	766.0	927.9000000000001	470242.907	855.700013	606.800009
185	470964.7	1211.9	1190.0	134.9	296.8	918.1	1039.3	1077.0	915.1	290.3	162.8	176.5	1035.4	1231.6000000000001	1069.7	1325.7	1198.2	1094.6000000000001	1215.8	1178.6000000000001	1362.9	471098.607	1220.100018	959.500014
186	472176.60000000003	1233.6000000000001	1219.2	143.20000000000002	327.5	945.4000000000001	1067.9	1090.4	906.1	271.90000000000003	150.70000000000002	154.60000000000002	1079.0	1230.6000000000001	1046.3	1350.9	1229.7	1100.0	1222.5	1211.9	1401.7	472318.707	1223.400018	956.700014
187	473410.2	1199.0	1224.8	132.9	322.70000000000005	939.1	1060.9	1066.1000000000001	876.3000000000001	273.8	151.3	140.20000000000002	1058.8	1232.1000000000001	1042.3	1332.6000000000001	1210.1000000000001	1079.3	1201.1000000000001	1218.8	1390.4	473542.1071	1226.000019	946.200014
188	474609.2	1138.6000000000001	1178.8	160.0	331.6	865.4000000000001	989.8000000000001	978.6	807.0	285.7	163.9	166.0	972.6	1184.8	1013.2	1258.3000000000002	1136.5	1031.4	1155.8	1139.3	1313.0	474768.1071	1145.300017	871.300013
189	475747.80000000005	1180.4	1120.9	166.70000000000002	340.40000000000003	841.9000000000001	995.9000000000001	1013.7	840.0	313.40000000000003	189.0	206.20000000000002	974.2	1160.4	986.7	1287.6000000000001	1163.2	1048.1000000000001	1202.1000000000001	1114.3	1292.4	475913.4071	1153.800017	881.200013
190	476928.2	1233.5	1296.2	140.1	318.20000000000005	972.8000000000001	1098.0	1093.4	915.3000000000001	279.0	125.0	146.70000000000002	1086.8	1302.8000000000002	1124.7	1365.8000000000002	1211.8	1119.5	1244.7	1239.9	1415.5	477067.2071	1246.500018	979.200014
191	478161.7	1230.9	1198.2	153.1	328.70000000000005	885.8000000000001	1012.3000000000001	1077.8	902.2	323.40000000000003	198.20000000000002	209.4	1021.5	1254.5	1078.9	1344.9	1219.7	1095.2	1221.7	1151.9	1339.2	478313.7071	1208.200018	942.000014
192	479392.60000000003	1039.0	1057.8	130.4	317.70000000000005	747.8000000000001	873.4000000000001	908.6	721.3000000000001	312.40000000000003	185.9	176.70000000000002	862.3000000000001	1104.1000000000001	916.8000000000001	1174.7	1048.2	924.5	1050.1000000000001	1009.4000000000001	1176.7	479521.9071	1055.600016	794.000012
193	480431.60000000003	1035.3	1039.8	147.1	314.40000000000003	713.9000000000001	836.5	888.2	720.9000000000001	310.0	184.4	195.5	839.8000000000001	1088.2	920.9000000000001	1149.8	1024.2	909.4000000000001	1032.0	948.2	1139.1000000000001	480577.5072	996.600015	762.300012
194	481466.9	738.2	761.0	108.4	299.3	432.8	553.9	629.8000000000001	438.90000000000003	325.90000000000003	203.3	200.0	538.2	852.6	661.7	864.1	741.5	632.8000000000001	753.9000000000001	649.9000000000001	828.3000000000001	481574.1072	741.600011	524.400008
195	482205.10000000003	741.4000000000001	711.9000000000001	111.7	290.1	411.90000000000003	531.7	629.7	451.3	328.20000000000005	207.10000000000002	222.8	518.6	823.0	644.6	846.8000000000001	725.7	634.7	754.5	641.0	829.6	482315.7072	752.100011	522.900008
196	482946.5	1042.7	1027.8	122.4	311.0	756.6	880.0	920.3000000000001	731.7	300.0	180.20000000000002	193.3	849.4000000000001	1098.7	910.1	1149.4	1029.6000000000001	949.9000000000001	1073.3	1020.9000000000001	1196.9	483067.8072	1091.800017	827.400013
197	483989.2	1214.5	1228.4	171.5	347.5	918.6	1043.5	1043.0	867.0	271.2	147.8	178.4	1036.1000000000001	1235.3000000000002	1059.3	1307.3000000000002	1183.9	1097.0	1221.9	1184.4	1345.7	484159.6072	1191.200017	925.500013
198	485203.7	1183.5	1207.7	148.3	309.6	871.6	994.9000000000001	1035.2	873.9000000000001	309.8	184.9	192.3	991.2	1251.7	1090.4	1301.0	1176.1000000000001	1063.9	1187.2	1127.8	1285.0	485350.8072	1172.000018	915.500014
199	486387.2	1108.8	1083.4	136.6	293.8	776.1	901.1	972.2	815.0	336.1	212.8	216.5	892.3000000000001	1163.3	1006.1	1228.4	1105.1000000000001	992.6	1117.6000000000001	1030.0	1215.0	486522.8073	1109.800016	855.700013
200	487496.0	1038.0	1022.7	137.70000000000002	322.70000000000005	730.3000000000001	855.0	900.3000000000001	715.3000000000001	307.3	182.3	191.10000000000002	846.9000000000001	1076.1000000000001	891.1	1154.2	1029.2	921.4000000000001	1046.1000000000001	981.1	1184.4	487632.6073	1034.500016	783.600012
201	488534.0	1083.8	1082.3	134.20000000000002	337.5	793.0	916.6	949.6	746.3000000000001	292.40000000000003	167.70000000000002	175.8	908.0	1123.9	920.6	1200.4	1075.7	968.8000000000001	1092.4	1039.2	1242.9	488667.1073	1080.800016	834.400012
202	489617.80000000005	866.3000000000001	911.5	131.20000000000002	334.90000000000003	586.2	705.1	735.1	531.4	289.3	165.70000000000002	174.3	692.0	954.6	750.9000000000001	981.3000000000001	857.7	760.5	879.4000000000001	799.7	981.6	489747.9073	842.900012	629.200009
203	490484.10000000003	711.5	647.4000000000001	107.7	289.6	376.40000000000003	496.6	603.8000000000001	421.90000000000003	325.3	206.4	219.5	492.0	759.2	577.3000000000001	817.3000000000001	698.4000000000001	595.9	716.1	591.2	780.6	490590.8073	702.900011	488.100008
204	491195.60000000003	745.4000000000001	787.5	99.2	288.6	479.6	604.7	646.2	456.8	271.0	150.8	155.4	590.0	843.7	654.3000000000001	861.0	740.8000000000001	635.0	760.1	710.2	899.5	491293.7073	766.400011	535.700008
205	491941.0	1135.3	1123.3	120.2	309.5	822.4000000000001	947.2	1015.1	825.8000000000001	307.90000000000003	182.8	197.5	937.8000000000001	1200.6000000000001	1011.3000000000001	1245.7	1120.6000000000001	1019.9000000000001	1144.7	1079.4	1256.7	492060.1073	1156.900018	899.600014
206	493076.30000000005	1107.7	1113.4	141.6	318.90000000000003	811.5	932.8000000000001	966.1	788.8000000000001	300.90000000000003	176.10000000000002	185.5	922.2	1157.3	980.0	1223.1000000000001	1098.3	997.0	1118.3	1064.0	1235.5	493217.0074	1107.700016	855.100012
207	494184.0	1171.5	1126.5	141.8	313.3	859.4000000000001	981.9000000000001	1029.7	858.2	301.90000000000003	180.60000000000002	191.20000000000002	980.3000000000001	1175.9	1004.4000000000001	1282.2	1160.9	1050.6000000000001	1173.1000000000001	1113.1000000000001	1289.9	494324.7074	1162.600017	908.600014
208	495355.5	1065.0	1113.6000000000001	132.8	309.6	803.2	922.9000000000001	932.2	755.4000000000001	267.1	144.6	146.20000000000002	918.8000000000001	1127.0	950.2	1185.9	1063.4	949.4000000000001	1069.1000000000001	1064.6000000000001	1218.7	495487.3074	1077.900016	816.400013
209	496420.5	1062.4	1038.5	145.8	299.90000000000003	755.0	878.7	916.6	762.5	310.40000000000003	190.70000000000002	194.8	867.6	1087.5	933.4000000000001	1178.0	1058.3	949.8000000000001	1073.5	998.2	1153.7	496565.2074	1047.200016	803.800012
210	497482.9	912.2	938.0	130.6	286.1	627.2	746.4000000000001	781.6	626.1	283.5	159.8	170.9	741.3000000000001	978.3000000000001	822.8000000000001	1024.8	901.1	798.1	917.3000000000001	849.3000000000001	1047.1000000000001	497612.4074	889.500013	667.40001
211	498395.10000000003	760.4000000000001	744.9000000000001	108.0	305.8	452.0	570.3000000000001	652.4000000000001	454.6	310.8	191.60000000000002	196.70000000000002	563.7	833.6	635.8000000000001	874.5	755.3000000000001	648.7	767.0	665.0	839.8000000000001	498501.9074	753.800011	540.700008
212	499155.5	775.3000000000001	759.8000000000001	101.30000000000001	276.1	485.90000000000003	607.1	674.0	499.20000000000005	292.90000000000003	174.60000000000002	181.20000000000002	594.1	839.7	664.9000000000001	887.0	768.7	667.1	788.3000000000001	716.3000000000001	878.3000000000001	499255.7074	796.200012	565.600009
213	499930.80000000005	1163.5	1150.4	122.2	284.2	884.9000000000001	1004.6	1041.3	879.3000000000001	273.90000000000003	152.70000000000002	165.70000000000002	997.8000000000001	1193.9	1031.9	1271.7	1150.5	1050.6000000000001	1170.3	1144.0	1306.9	500051.9075	1187.500018	928.200014
214	501094.30000000005	1059.4	1097.4	146.20000000000002	309.1	795.6	916.2	913.2	750.3000000000001	265.5	145.8	152.6	906.8000000000001	1103.8	940.9000000000001	1172.3	1052.6000000000001	948.2	1068.8	1056.6000000000001	1231.6000000000001	501239.4075	1063.100016	801.800012
215	502153.7	1079.2	1034.5	149.8	324.8	772.4000000000001	896.7	929.4000000000001	754.4000000000001	301.8	181.20000000000002	190.60000000000002	888.6	1075.3	900.3000000000001	1190.4	1069.8	963.0	1087.3	1027.0	1202.0	502302.5075	1067.700016	812.900012
216	503232.9	1139.1000000000001	1186.7	138.4	313.40000000000003	872.6	1000.9000000000001	1000.7	825.7	262.1	137.8	145.9	993.2	1194.2	1019.2	1255.3000000000002	1131.0	1018.5	1146.8	1140.6000000000001	1303.1000000000001	503370.2075	1148.100017	880.000013
217	504372.0	1000.8000000000001	950.5	147.4	309.90000000000003	690.2	810.8000000000001	853.4000000000001	690.9000000000001	314.1	185.8	193.5	807.3000000000001	996.6	834.1	1121.4	993.1	883.7	1004.3000000000001	941.3000000000001	1121.6000000000001	504518.3075	987.400015	736.200011
218	505372.80000000005	770.7	795.3000000000001	134.0	314.3	520.8000000000001	642.9000000000001	636.7	456.40000000000003	260.3	139.70000000000002	143.20000000000002	627.5	804.5	624.2	887.8000000000001	767.2	664.0	786.1	736.8000000000001	921.8000000000001	505505.7075	746.000011	529.900008
219	506143.5	793.1	825.1	109.30000000000001	294.3	520.9	634.4000000000001	683.8000000000001	498.8	274.5	152.4	167.8	625.3000000000001	883.6	698.6	899.8000000000001	777.7	688.7	802.2	733.4000000000001	939.6	506251.7075	791.800012	579.300008
220	506936.60000000003	856.3000000000001	837.1	108.10000000000001	314.3	549.7	673.2	748.2	542.0	304.2	190.70000000000002	199.8	656.5	928.8000000000001	722.6	960.7	847.2	749.5	873.0	793.4000000000001	959.0	507043.5076	885.300013	641.200009
221	507792.9	1118.9	1097.4	136.9	302.5	829.9000000000001	949.7	982.0	816.4000000000001	287.40000000000003	163.9	180.60000000000002	938.3000000000001	1141.1000000000001	975.5	1225.7	1102.2	1010.5	1130.3	1087.2	1260.5	507928.8076	1130.800017	873.300013
222	508911.80000000005	1117.7	1103.1000000000001	148.9	322.20000000000005	839.2	960.6	968.8000000000001	795.5	267.5	147.70000000000002	159.10000000000002	958.6	1113.3	940.0	1226.1000000000001	1106.3	998.3000000000001	1119.7	1098.1000000000001	1265.7	509059.6076	1108.400016	849.300012
223	510029.5	1144.8	1153.3	139.5	307.1	886.2	1007.1	1005.3000000000001	837.7	263.90000000000003	142.5	144.5	1000.3000000000001	1158.3	990.7	1264.2	1142.8	1030.7	1151.6000000000001	1146.1000000000001	1315.3000000000002	510168.0076	1151.100017	890.900013
224	511174.30000000005	1006.3000000000001	1045.6000000000001	145.8	315.0	735.9000000000001	862.6	860.5	691.3000000000001	267.1	146.20000000000002	153.0	853.3000000000001	1052.8	883.6	1120.4	999.5	888.9000000000001	1015.6	992.9000000000001	1159.8	511319.1076	1000.000015	742.800011
225	512180.60000000003	1029.3	979.7	139.6	306.5	718.8000000000001	838.8000000000001	889.7	722.8000000000001	309.70000000000005	183.0	192.3	837.0	1032.4	865.5	1146.7	1020.0	911.1	1031.1000000000001	971.3000000000001	1127.7	512319.1076	1024.000015	771.400012
226	513209.9	928.0	955.9000000000001	134.3	290.7	648.7	773.1	793.7	637.3000000000001	260.90000000000003	140.9	142.70000000000002	785.3000000000001	964.3000000000001	807.9000000000001	1046.2	926.2	791.4000000000001	915.8000000000001	886.5	1063.2	513343.1076	894.900014	657.10001
227	514137.9	773.6	776.6	101.2	277.90000000000003	497.70000000000005	616.2	672.4000000000001	495.70000000000005	307.20000000000005	182.8	170.60000000000002	603.0	846.0	669.3000000000001	910.2	785.8000000000001	668.3000000000001	786.8000000000001	714.4000000000001	910.3000000000001	514238.0077	783.800011	567.000008
228	514911.5	759.9000000000001	806.2	111.4	307.3	500.1	612.3000000000001	648.5	452.6	278.90000000000003	160.4	173.60000000000002	586.3000000000001	868.4000000000001	672.5	865.2	746.7	673.7	785.9000000000001	702.5	863.3000000000001	515021.8077	764.700012	562.200009
229	515671.4	812.9000000000001	757.2	116.2	277.0	482.40000000000003	599.8000000000001	696.7	535.9	306.1	193.9	219.9	593.0	860.9000000000001	700.1	899.1	786.9000000000001	702.3000000000001	819.7	715.3000000000001	868.8000000000001	515786.5077	819.100012	586.000009
230	516484.30000000005	993.2	1008.7	122.30000000000001	275.8	715.3000000000001	837.5	870.9000000000001	717.4000000000001	274.8	157.4	164.20000000000002	829.0	1050.6000000000001	897.1	1103.8	986.4000000000001	879.5	1001.7	960.4000000000001	1140.7	516605.6077	1002.300015	756.900011
231	517477.5	1179.8	1190.3	131.4	311.70000000000005	885.0	1005.6	1048.4	868.1	293.40000000000003	171.20000000000002	179.70000000000002	1000.1	1238.6000000000001	1058.3	1293.5	1171.3	1064.7	1185.3	1142.0	1306.4	517607.9077	1190.300018	933.100014
232	518657.30000000005	1184.7	1152.4	141.9	306.3	882.6	1001.3000000000001	1042.8	878.4000000000001	305.3	184.70000000000002	190.20000000000002	994.5	1200.7	1036.3	1299.8000000000002	1179.2	1072.8	1191.5	1133.6000000000001	1295.0	518798.2077	1181.800017	930.700014
233	519842.0	1099.3	1087.4	139.1	300.5	821.4000000000001	947.5	960.2	798.8000000000001	269.8	151.1	157.9	941.4000000000001	1106.2	944.8000000000001	1211.2	1092.5	979.3000000000001	1105.4	1080.5	1274.7	519980.0077	1099.400017	840.100013
234	520941.30000000005	1024.7	1057.1000000000001	139.1	333.3	767.7	890.0	885.6	691.4000000000001	266.0	139.9	146.0	878.7	1064.0	869.8000000000001	1144.7	1018.6	913.7	1036.0	1010.9000000000001	1178.4	521079.4078	1017.700015	774.400011
235	521966.0	913.4000000000001	921.0	132.20000000000002	299.7	644.6	763.3000000000001	781.2	613.7	289.40000000000003	167.10000000000002	178.4	735.0	967.2	799.7	1024.4	902.1	823.0	941.7	858.5	1048.0	522097.1078	904.700013	690.70001
236	522879.4	795.4000000000001	780.7	123.5	313.0	497.40000000000003	620.7	671.9000000000001	482.40000000000003	276.40000000000003	157.70000000000002	186.0	609.4	843.2	653.7	885.8000000000001	767.1	683.4000000000001	806.7	719.5	909.9000000000001	523001.8078	782.000012	559.700009
237	523674.80000000005	784.4000000000001	783.9000000000001	110.10000000000001	300.5	505.40000000000003	626.9000000000001	674.3000000000001	483.90000000000003	283.3	160.0	171.3	613.1	845.1	654.7	896.4000000000001	773.1	676.7	798.2	738.2	893.1	523783.8078	799.500012	566.400008
238	524459.2000000001	1120.2	1091.7	125.10000000000001	280.0	830.1	956.2	995.1	840.2	278.5	157.0	170.8	949.4000000000001	1137.4	982.5	1227.9	1106.4	1000.9000000000001	1127.0	1073.7	1230.0	524583.3078	1119.300017	875.600013
239	525579.4	1137.5	1151.9	124.30000000000001	280.6	875.4000000000001	998.3000000000001	1013.2	856.9000000000001	261.6	135.5	142.3	995.2	1169.9	1013.6	1256.8000000000002	1130.7	1017.7	1140.6000000000001	1141.1000000000001	1318.2	525702.6078	1159.100017	893.300013
240	526716.9	1258.6000000000001	1284.5	145.9	323.0	998.5	1113.9	1112.7	935.6	276.5	153.60000000000002	156.70000000000002	1101.9	1295.3000000000002	1118.2	1378.4	1255.5	1155.2	1270.6000000000001	1276.1000000000001	1415.1000000000001	526861.7079	1286.900019	1009.200015
241	527975.5	1145.6000000000001	1144.9	174.20000000000002	313.20000000000005	848.2	969.5	971.4000000000001	832.4000000000001	286.0	170.60000000000002	182.60000000000002	963.0	1153.3	1014.3000000000001	1249.0	1133.6000000000001	1030.8	1152.1000000000001	1102.2	1246.9	528148.6079	1110.500017	856.500013
242	529121.1	1132.0	1129.3	139.20000000000002	283.90000000000003	834.5	956.6	992.8000000000001	848.1	296.7	175.4	181.9	950.1	1172.0	1027.3	1246.8000000000002	1125.5	1016.4000000000001	1138.5	1087.0	1291.8000000000002	529259.1079	1129.900016	877.200013
243	530253.1	863.6	843.2	136.9	341.70000000000005	566.5	694.8000000000001	726.7	521.9	294.8	172.70000000000002	179.20000000000002	684.4000000000001	885.5	680.7	979.2	857.1	745.7	874.0	801.1	969.1	530389.0079	843.400013	608.600009
244	531116.7000000001	741.2	776.3000000000001	116.7	284.7	478.20000000000005	592.7	624.5	456.5	276.7	148.4	158.8	582.4	818.4000000000001	650.4000000000001	859.1	730.8000000000001	637.0	751.5	690.9000000000001	879.7	531232.4079	732.900011	520.200008
245	531857.9	754.5	713.4000000000001	108.5	297.3	449.1	572.5	646.0	457.20000000000005	298.1	183.60000000000002	193.9	560.6	798.8000000000001	610.0	858.7	744.2	643.0	766.4000000000001	675.5	849.3000000000001	531965.3079	761.000011	534.400008
246	532612.4	1079.1000000000001	1076.1000000000001	114.9	288.7	817.9000000000001	937.6	964.2	790.4000000000001	264.3	140.9	152.8	926.3000000000001	1114.0	940.2	1190.6000000000001	1067.2	970.7	1090.4	1069.6000000000001	1261.9	532726.3079	1107.500017	855.500013
247	533691.5	1060.1000000000001	1067.5	143.3	335.6	797.9000000000001	919.5	916.8000000000001	724.5	258.2	138.5	149.8	910.3000000000001	1074.0	881.7	1168.5	1048.8	947.7	1069.3	1062.4	1227.3	533833.808	1068.800016	804.100012
248	534751.6	1146.5	1151.5	152.1	317.0	877.6	998.9000000000001	994.4000000000001	829.5	269.6	148.0	157.20000000000002	989.3000000000001	1156.6000000000001	991.7	1258.9	1137.3	1034.8	1156.1000000000001	1143.8	1301.8000000000002	534902.608	1148.900017	882.600013
249	535898.1	1114.3	1144.6000000000001	154.5	312.5	841.9000000000001	964.0	959.8000000000001	801.8000000000001	273.90000000000003	152.6	162.20000000000002	952.1	1152.3	994.3000000000001	1226.0	1104.7	1004.1	1126.2	1096.1000000000001	1261.7	536051.508	1103.600016	849.400012
250	537012.4	1122.3	1103.4	144.0	309.6	814.1	940.7	978.3000000000001	812.7	302.7	180.60000000000002	192.5	929.8000000000001	1151.9	986.3000000000001	1232.5	1110.4	1006.6	1133.2	1066.0	1216.6000000000001	537155.108	1114.700017	862.700013
251	538134.7000000001	1038.7	1089.9	136.20000000000002	286.8	749.8000000000001	874.2	902.5	751.9000000000001	289.3	162.70000000000002	173.60000000000002	865.1	1127.3	976.7	1154.4	1027.8	923.4000000000001	1047.8	1010.5	1172.3	538269.808	1047.900015	787.100012
252	539173.4	960.3000000000001	921.7	145.4	307.20000000000005	626.3000000000001	747.4000000000001	814.9000000000001	653.1	340.1	215.70000000000002	224.8	735.5	1001.1	839.3000000000001	1075.6000000000001	951.2	851.1	972.2	842.2	1005.7	539317.708	921.700014	705.500011
253	540133.7000000001	773.3000000000001	754.9000000000001	106.7	270.2	485.40000000000003	600.3000000000001	666.6	503.1	295.40000000000003	174.3	186.20000000000002	587.1	834.4000000000001	670.9000000000001	882.5	761.4000000000001	671.6	786.5	694.4000000000001	882.8000000000001	540239.4081	773.800012	564.700009
254	540907.0	858.7	868.4000000000001	107.30000000000001	295.7	576.4	698.9000000000001	751.4000000000001	563.0	269.5	154.60000000000002	167.8	690.9000000000001	928.9000000000001	740.5	960.4000000000001	845.5	744.2	866.7	829.2	986.0	541013.2081	889.800013	636.700009
255	541765.7000000001	1096.3	1066.9	138.3	295.1	800.6	923.1	958.0	801.2	292.0	169.5	177.5	918.8000000000001	1106.1000000000001	949.3000000000001	1210.8	1088.3	978.1	1100.6000000000001	1058.1000000000001	1242.9	541903.0081	1097.200016	839.600012
256	542862.0	1123.8	1162.2	139.3	324.1	858.2	986.7	984.5	799.7	266.3	143.8	148.1	975.7	1171.0	986.2	1242.0	1119.5	1006.3000000000001	1134.8	1118.1000000000001	1290.2	543000.2081	1126.900017	866.900013
257	543985.8	1184.3	1209.8	142.4	314.5	881.8000000000001	1004.9000000000001	1041.9	869.8000000000001	304.0	175.5	186.5	997.8000000000001	1253.9	1081.8	1301.8000000000002	1173.3	1068.3	1191.4	1127.1000000000001	1291.5	544127.1081	1171.200018	925.700014
258	545170.1	1115.4	1084.9	129.3	293.7	787.9000000000001	907.2	986.1	821.7	328.0	204.9	212.0	903.4000000000001	1167.6000000000001	1003.2	1231.4	1108.3	999.9000000000001	1119.2	1042.8	1248.4	545298.3081	1125.500016	870.400013
259	546285.5	973.2	1015.3000000000001	139.4	345.0	673.1	797.4000000000001	833.8000000000001	628.2	297.0	177.70000000000002	181.5	791.7	1057.4	851.8000000000001	1088.7	969.4000000000001	854.6	978.9000000000001	917.7	1100.2	546423.8081	959.800015	715.000011
260	547258.7000000001	765.1	704.9000000000001	126.0	308.5	433.20000000000005	553.2	639.1	456.6	342.20000000000005	217.9	223.60000000000002	541.5	802.5	620.0	883.7	759.4000000000001	656.8000000000001	776.8000000000001	645.9000000000001	874.3000000000001	547383.6082	743.500011	530.600008
261	548023.8	767.1	828.6	104.4	332.8	498.40000000000003	612.2	662.7	434.3	271.7	151.70000000000002	163.4	603.7	887.6	659.2	875.4000000000001	755.4000000000001	661.8000000000001	775.6	706.7	893.4000000000001	548127.1082	765.700011	557.200008
262	548790.9	786.9000000000001	724.7	103.0	289.7	450.6	572.9	683.9000000000001	497.20000000000005	330.20000000000005	216.4	224.9	562.0	846.6	659.9000000000001	892.2	778.4000000000001	675.5	797.8000000000001	685.8000000000001	844.5	548892.8082	807.800012	572.400009
263	549577.8	1044.3	1063.2	123.80000000000001	282.5	764.5	886.4000000000001	920.5	761.8000000000001	274.1	151.8	162.70000000000002	881.6	1102.1000000000001	943.4000000000001	1155.7	1033.4	927.2	1049.1000000000001	1017.0	1201.6000000000001	549700.6082	1055.900016	803.200012
264	550622.1	1102.1000000000001	1139.5	135.4	320.0	813.1	930.6	966.7	782.1	298.7	176.8	181.60000000000002	920.5	1185.7	1001.1	1219.2	1097.3	994.7	1112.2	1057.7	1263.9	550756.5082	1103.900016	859.000013
265	551724.2000000001	1122.9	1063.0	137.20000000000002	343.40000000000003	797.7	916.6	985.7	779.5	326.40000000000003	208.9	219.0	903.9000000000001	1144.8	938.6	1230.3000000000002	1112.8	1016.7	1135.6000000000001	1052.0	1217.5	551860.4082	1133.700017	879.300013
266	552847.1	1000.5	1016.0	148.1	313.6	733.4000000000001	851.1	852.4000000000001	686.9000000000001	265.3	146.4	159.10000000000002	841.4000000000001	1027.0	861.5	1106.7	987.8000000000001	892.5	1010.2	975.9000000000001	1162.7	552994.1082	986.900015	744.200011
267	553847.6	974.8000000000001	964.1	134.5	321.3	693.3000000000001	810.1	840.3000000000001	653.5	282.6	164.9	174.60000000000002	800.2	1004.2	817.4000000000001	1082.8	965.1	867.9000000000001	984.7	929.0	1095.1000000000001	553981.0083	969.100014	733.200011
268	554822.4	879.1	862.9000000000001	128.8	294.90000000000003	613.2	732.3000000000001	750.3000000000001	584.2	270.8	154.0	163.9	715.2	898.0	731.9000000000001	986.0	869.2	777.1	896.2	856.9000000000001	1019.5	554950.1083	892.000014	648.10001
269	555701.5	1061.7	1112.9	141.70000000000002	304.3	792.6	924.2	920.0	757.4000000000001	249.70000000000002	130.6	147.70000000000002	914.0	1118.9	956.3000000000001	1163.7	1044.6000000000001	940.3000000000001	1071.9	1064.9	1245.0	555842.1083	1071.000016	798.500012
270	556763.2000000001	1195.5	1145.7	150.9	331.0	885.6	1004.7	1044.6000000000001	864.5	320.3	188.70000000000002	198.9	996.6	1193.7	1013.6	1316.9	1185.3	1084.5	1203.6000000000001	1130.9	1306.7	556913.1083	1178.800017	933.200014
271	557958.7000000001	1001.0	1053.7	134.3	310.1	734.3000000000001	856.4000000000001	866.7	690.9000000000001	260.1	141.0	149.1	851.9000000000001	1068.5	892.7	1112.0	992.9000000000001	883.4000000000001	1005.5	978.6	1168.6000000000001	558091.9083	993.300015	748.900011
272	558959.7000000001	962.2	930.3000000000001	126.7	316.70000000000005	650.5	774.0	835.5	645.5	319.40000000000003	197.3	201.8	760.4000000000001	1005.4000000000001	815.4000000000001	1079.8	957.7	852.3000000000001	975.8000000000001	894.9000000000001	1092.2	559085.2083	970.100014	725.500011
273	559921.9	839.6	849.4000000000001	134.5	331.8	559.2	676.3000000000001	705.1	507.8	279.8	156.3	169.9	669.7	884.8000000000001	687.5	949.5	826.0	729.1	846.2	768.1	942.2	560055.3083	803.500012	594.500009
274	560761.5	737.5	703.7	98.4	272.5	452.6	570.1	639.1	465.0	290.2	173.10000000000002	179.70000000000002	557.8000000000001	785.0	610.9	848.0	730.9000000000001	632.3000000000001	749.8000000000001	669.9000000000001	835.5	560858.8084	751.200012	533.800008
275	561499.0	720.1	715.3000000000001	112.10000000000001	277.7	458.40000000000003	575.7	608.0	442.40000000000003	251.10000000000002	133.6	145.9	574.2	749.1	583.5	825.3000000000001	707.8000000000001	604.3000000000001	721.6	679.2	843.7	561610.0084	713.10001	492.000007
276	562219.1	934.8000000000001	982.9000000000001	105.0	269.5	685.0	808.6	829.8000000000001	665.3000000000001	256.90000000000003	139.6	141.1	793.7	1019.0	854.5	1050.6000000000001	933.3000000000001	826.1	949.7	934.9000000000001	1103.3	562323.1084	971.100015	720.800011
277	563153.9	1137.3	1095.2	141.20000000000002	309.6	836.2	954.2	996.1	827.7	297.90000000000003	174.3	189.20000000000002	948.1	1143.2	974.8000000000001	1246.0	1122.4	1025.4	1143.4	1082.6000000000001	1236.3000000000002	563294.2084	1130.300017	883.700013
278	564291.2000000001	1037.8	1064.1000000000001	134.5	288.2	770.3000000000001	890.1	903.3000000000001	749.6	259.0	141.0	147.1	890.7	1076.7	923.0	1149.7	1031.7	917.4000000000001	1037.2	1018.4000000000001	1191.2	564424.5084	1031.100015	782.900011
279	565329.0	1046.4	1079.4	127.7	300.5	784.9000000000001	903.6	918.7	745.9000000000001	293.8	174.0	173.4	873.0	1125.1000000000001	952.3000000000001	1166.8	1047.0	958.3000000000001	1077.0	1041.7	1241.0	565455.6084	1087.300016	830.500012
280	566375.4	1052.9	1034.4	168.70000000000002	368.0	726.2	847.7	884.2	684.9000000000001	294.5	175.8	206.4	846.5	1072.1000000000001	872.8000000000001	1141.0	1022.3000000000001	932.6	1054.1000000000001	995.3000000000001	1144.4	566542.9084	1033.100016	763.900012
281	567428.3	1044.8	999.4000000000001	148.8	297.90000000000003	735.1	856.6	896.0	746.9000000000001	308.20000000000005	186.70000000000002	187.9	856.9000000000001	1038.5	889.4000000000001	1165.1000000000001	1043.6000000000001	923.0	1044.5	991.8000000000001	1149.5	567576.0085	1030.900015	774.100011
282	568473.1	1079.8	1110.3	134.9	292.6	810.5	933.4000000000001	944.9000000000001	787.2	264.3	142.8	142.5	937.3000000000001	1117.9	960.2	1201.6000000000001	1080.1000000000001	953.0	1075.9	1065.3	1246.3000000000002	568606.9085	1072.900016	818.000012
283	569552.9	795.4000000000001	763.0	128.0	309.0	505.3	624.5	667.4000000000001	486.40000000000003	299.8	176.9	173.0	622.4000000000001	808.0	627.0	922.2	799.3000000000001	678.3000000000001	797.5	731.5	885.5	569679.8085	776.500011	550.200008
284	570348.3	803.0	819.9000000000001	109.10000000000001	263.1	553.0	667.3000000000001	693.9000000000001	539.9	257.7	138.5	140.6	662.4000000000001	851.4000000000001	697.4000000000001	920.1	800.9000000000001	693.6	807.9000000000001	761.5	953.4000000000001	570456.3085	793.100012	584.300009
285	571151.3	919.7	949.0	99.10000000000001	291.0	648.6	770.0	820.6	628.7	266.90000000000003	152.6	157.5	762.2	1007.4000000000001	815.5	1029.1000000000001	914.8000000000001	806.1	927.5	902.4000000000001	1059.1000000000001	571249.4085	960.700015	706.800011
286	572071.0	1072.5	1060.5	140.20000000000002	296.90000000000003	759.3000000000001	884.5	932.3000000000001	775.6	300.40000000000003	179.0	186.8	885.7	1107.1000000000001	950.4000000000001	1186.1000000000001	1064.7	946.1	1071.3	1009.2	1184.6000000000001	572210.1085	1055.800015	805.700012
287	573143.5	1040.9	1053.2	123.5	298.90000000000003	750.0	869.3000000000001	917.4000000000001	742.0	301.2	176.0	174.8	866.1	1104.5	929.1	1167.3	1042.1000000000001	924.8000000000001	1044.1000000000001	1005.2	1175.8	573265.9085	1056.400016	801.100012
288	574184.4	1046.4	1040.4	139.1	309.70000000000005	742.0	862.5	907.3000000000001	736.7	303.2	183.9	187.10000000000002	859.3000000000001	1088.4	917.8000000000001	1162.5	1043.2	929.1	1049.6000000000001	996.9000000000001	1172.3	574322.3086	1045.000016	789.900012
289	575230.8	978.9000000000001	973.1	137.6	313.0	677.9000000000001	801.1	841.3000000000001	665.9000000000001	298.40000000000003	177.9	181.10000000000002	797.8000000000001	1016.6	841.2	1096.2	975.7	859.0	982.2	928.3000000000001	1074.1000000000001	575367.3086	971.800014	721.30001
290	576209.7000000001	941.2	955.6	130.5	276.3	649.6	778.7	810.7	664.9000000000001	295.2	172.0	175.3	765.9000000000001	1000.4000000000001	854.6	1061.1000000000001	937.9000000000001	824.9000000000001	954.0	909.0	1070.6000000000001	576339.1086	953.800014	694.20001
291	577150.9	998.0	965.6	143.1	304.7	706.4000000000001	823.8000000000001	854.9000000000001	693.3000000000001	306.0	176.9	189.70000000000002	808.3000000000001	1012.2	850.6	1114.3	985.2	896.1	1013.5	954.6	1104.2	577292.9086	1001.200015	752.800012
292	578148.9	818.8000000000001	883.4000000000001	146.3	295.90000000000003	549.7	671.1	672.5	522.9	259.2	141.8	157.3	661.5	894.4000000000001	744.8000000000001	920.7	803.3000000000001	707.0	828.4000000000001	768.7	951.7	578294.1086	779.800012	560.500009
293	578967.7000000001	712.7	638.2	107.2	290.2	386.6	503.90000000000003	605.5	422.5	333.70000000000005	212.3	221.9	490.8	752.9000000000001	569.9	824.5	703.1	608.5	725.8000000000001	603.4	806.9000000000001	579073.9086	718.000011	501.100007
294	579680.4	888.1	902.3000000000001	112.60000000000001	316.1	622.8000000000001	739.2	775.5	572.0	251.60000000000002	134.3	147.4	740.7	937.1	733.6	992.3000000000001	875.0	770.2	886.6	857.6	1046.4	579791.9086	892.400013	657.400009
295	580568.5	898.3000000000001	917.1	116.9	305.7	624.7	743.7	781.4000000000001	592.6	279.5	163.10000000000002	161.60000000000002	736.7	961.8000000000001	773.0	1016.2	899.8000000000001	786.3000000000001	905.3000000000001	868.4000000000001	1024.2	580684.3087	913.200013	669.10001
296	581466.8	917.0	900.1	131.70000000000002	287.5	624.1	741.3000000000001	785.3000000000001	629.5	292.40000000000003	173.4	180.4	736.6	948.8000000000001	793.0	1029.0	910.0	804.5	921.7	861.5	1054.6000000000001	581597.5087	910.100014	672.600011
297	582383.8	864.1	858.7	124.9	318.0	590.4	711.5	739.2	546.1	276.0	158.8	163.5	700.6	897.3000000000001	704.2	976.6	859.4000000000001	753.9000000000001	875.0	819.7	1001.5	582507.6087	858.200013	628.900009
298	583247.9	881.2	922.4000000000001	119.10000000000001	300.90000000000003	613.6	732.7	762.1	580.3000000000001	268.3	147.20000000000002	158.10000000000002	723.1	961.4000000000001	779.6	991.4000000000001	870.3000000000001	771.7	890.8000000000001	853.9000000000001	1047.7	583365.8087	893.100013	652.60001
299	584129.1	955.5	987.6	130.8	324.6	650.3000000000001	766.9000000000001	824.7	630.9000000000001	308.8	189.70000000000002	199.3	756.2	1056.1000000000001	862.3000000000001	1065.0	945.9000000000001	849.6	966.2	880.7	1070.1000000000001	584258.9087	949.100014	718.600011
300	585084.6	938.3000000000001	873.9000000000001	124.5	313.90000000000003	590.4	709.1	813.8000000000001	624.4000000000001	337.3	220.70000000000002	231.4	706.9000000000001	980.8000000000001	791.4000000000001	1044.2	927.6	821.8000000000001	940.5	833.1	988.0	585208.0087	939.900014	697.100011
301	586022.9	1021.0	1041.0	126.2	281.1	735.5	854.6	894.8000000000001	739.9000000000001	283.5	164.8	167.0	854.0	1081.8	926.9000000000001	1137.5	1018.8000000000001	902.5	1021.6	1000.3000000000001	1162.7	586147.9087	1041.300016	776.300012
